   0    0    0    0    1.055712942735072213e+00
   0    0    0    1    1.274842530052384126e-01
   0    0    1    0    1.274842530052384126e-01
   0    0    1    1    3.574903178005687243e-01
   0    1    0    0    1.274842530052384126e-01
   0    1    0    1    2.233916826254664367e-02
   0    1    1    0    2.233916826254664020e-02
   0    1    1    1    9.477578184238268089e-02
   1    0    0    0    1.274842530052384126e-01
   1    0    0    1    2.233916826254663673e-02
   1    0    1    0    2.233916826254663673e-02
   1    0    1    1    9.477578184238268089e-02
   1    1    0    0    3.574903178005686688e-01
   1    1    0    1    9.477578184238268089e-02
   1    1    1    0    9.477578184238266701e-02
   1    1    1    1    7.746059439198977881e-01
