   0    0    0    0    7.746059439198977881e-01
   0    0    0    1    3.093089671818246011e-01
   0    0    1    0    3.093089671818246567e-01
   0    0    1    1    4.780413731557084933e-01
   0    1    0    0    3.093089671818245456e-01
   0    1    0    1    1.578657778806109302e-01
   0    1    1    0    1.578657778806109580e-01
   0    1    1    1    3.093089671818245456e-01
   1    0    0    0    3.093089671818245456e-01
   1    0    0    1    1.578657778806109024e-01
   1    0    1    0    1.578657778806109302e-01
   1    0    1    1    3.093089671818246011e-01
   1    1    0    0    4.780413731557084933e-01
   1    1    0    1    3.093089671818246567e-01
   1    1    1    0    3.093089671818246567e-01
   1    1    1    1    7.746059439198977881e-01
