   0    0    0    0    5.403501140569933803e+00
   0    0    0    1    8.419201558275541952e-01
   0    0    0    2    0.000000000000000000e+00
   0    0    0    3    0.000000000000000000e+00
   0    0    0    4    0.000000000000000000e+00
   0    0    0    5    2.360380457971661405e-02
   0    0    1    0    8.419201558275544173e-01
   0    0    1    1    1.268028360205202265e+00
   0    0    1    2    0.000000000000000000e+00
   0    0    1    3    0.000000000000000000e+00
   0    0    1    4    0.000000000000000000e+00
   0    0    1    5    7.172275924923085522e-02
   0    0    2    0    0.000000000000000000e+00
   0    0    2    1    0.000000000000000000e+00
   0    0    2    2    1.264502477744241515e+00
   0    0    2    3    0.000000000000000000e+00
   0    0    2    4    0.000000000000000000e+00
   0    0    2    5    0.000000000000000000e+00
   0    0    3    0    0.000000000000000000e+00
   0    0    3    1    0.000000000000000000e+00
   0    0    3    2    0.000000000000000000e+00
   0    0    3    3    1.264502477744241515e+00
   0    0    3    4    0.000000000000000000e+00
   0    0    3    5    0.000000000000000000e+00
   0    0    4    0    0.000000000000000000e+00
   0    0    4    1    0.000000000000000000e+00
   0    0    4    2    0.000000000000000000e+00
   0    0    4    3    0.000000000000000000e+00
   0    0    4    4    1.264502477744241515e+00
   0    0    4    5    5.573431413953146285e-02
   0    0    5    0    2.360380457971661405e-02
   0    0    5    1    7.172275924923088297e-02
   0    0    5    2    0.000000000000000000e+00
   0    0    5    3    0.000000000000000000e+00
   0    0    5    4    5.573431413953144203e-02
   0    0    5    5    2.936718631576201166e-01
   0    1    0    0    8.419201558275544173e-01
   0    1    0    1    1.562993054528251102e-01
   0    1    0    2    0.000000000000000000e+00
   0    1    0    3    0.000000000000000000e+00
   0    1    0    4    0.000000000000000000e+00
   0    1    0    5    4.347401462414427799e-03
   0    1    1    0    1.562993054528251380e-01
   0    1    1    1    2.923436834151313390e-01
   0    1    1    2    0.000000000000000000e+00
   0    1    1    3    0.000000000000000000e+00
   0    1    1    4    0.000000000000000000e+00
   0    1    1    5    1.680957594774435543e-02
   0    1    2    0    0.000000000000000000e+00
   0    1    2    1    0.000000000000000000e+00
   0    1    2    2    2.924031393458948469e-01
   0    1    2    3    0.000000000000000000e+00
   0    1    2    4    0.000000000000000000e+00
   0    1    2    5    0.000000000000000000e+00
   0    1    3    0    0.000000000000000000e+00
   0    1    3    1    0.000000000000000000e+00
   0    1    3    2    0.000000000000000000e+00
   0    1    3    3    2.924031393458948469e-01
   0    1    3    4    0.000000000000000000e+00
   0    1    3    5    0.000000000000000000e+00
   0    1    4    0    0.000000000000000000e+00
   0    1    4    1    0.000000000000000000e+00
   0    1    4    2    0.000000000000000000e+00
   0    1    4    3    0.000000000000000000e+00
   0    1    4    4    2.924031393458948469e-01
   0    1    4    5    1.321314877037978348e-02
   0    1    5    0    4.347401462414426931e-03
   0    1    5    1    1.680957594774435890e-02
   0    1    5    2    0.000000000000000000e+00
   0    1    5    3    0.000000000000000000e+00
   0    1    5    4    1.321314877037977828e-02
   0    1    5    5    6.988341073791154434e-02
   0    2    0    0    0.000000000000000000e+00
   0    2    0    1    0.000000000000000000e+00
   0    2    0    2    2.799752843443208475e-02
   0    2    0    3    0.000000000000000000e+00
   0    2    0    4    0.000000000000000000e+00
   0    2    0    5    0.000000000000000000e+00
   0    2    1    0    0.000000000000000000e+00
   0    2    1    1    0.000000000000000000e+00
   0    2    1    2    4.316873713962075809e-02
   0    2    1    3    0.000000000000000000e+00
   0    2    1    4    0.000000000000000000e+00
   0    2    1    5    0.000000000000000000e+00
   0    2    2    0    2.799752843443208475e-02
   0    2    2    1    4.316873713962076503e-02
   0    2    2    2    0.000000000000000000e+00
   0    2    2    3    0.000000000000000000e+00
   0    2    2    4    0.000000000000000000e+00
   0    2    2    5    1.613373569723769007e-03
   0    2    3    0    0.000000000000000000e+00
   0    2    3    1    0.000000000000000000e+00
   0    2    3    2    0.000000000000000000e+00
   0    2    3    3    0.000000000000000000e+00
   0    2    3    4    0.000000000000000000e+00
   0    2    3    5    0.000000000000000000e+00
   0    2    4    0    0.000000000000000000e+00
   0    2    4    1    0.000000000000000000e+00
   0    2    4    2    0.000000000000000000e+00
   0    2    4    3    0.000000000000000000e+00
   0    2    4    4    0.000000000000000000e+00
   0    2    4    5    0.000000000000000000e+00
   0    2    5    0    0.000000000000000000e+00
   0    2    5    1    0.000000000000000000e+00
   0    2    5    2    1.613373569723769007e-03
   0    2    5    3    0.000000000000000000e+00
   0    2    5    4    0.000000000000000000e+00
   0    2    5    5    0.000000000000000000e+00
   0    3    0    0    0.000000000000000000e+00
   0    3    0    1    0.000000000000000000e+00
   0    3    0    2    0.000000000000000000e+00
   0    3    0    3    2.799752843443208475e-02
   0    3    0    4    0.000000000000000000e+00
   0    3    0    5    0.000000000000000000e+00
   0    3    1    0    0.000000000000000000e+00
   0    3    1    1    0.000000000000000000e+00
   0    3    1    2    0.000000000000000000e+00
   0    3    1    3    4.316873713962075809e-02
   0    3    1    4    0.000000000000000000e+00
   0    3    1    5    0.000000000000000000e+00
   0    3    2    0    0.000000000000000000e+00
   0    3    2    1    0.000000000000000000e+00
   0    3    2    2    0.000000000000000000e+00
   0    3    2    3    0.000000000000000000e+00
   0    3    2    4    0.000000000000000000e+00
   0    3    2    5    0.000000000000000000e+00
   0    3    3    0    2.799752843443208475e-02
   0    3    3    1    4.316873713962076503e-02
   0    3    3    2    0.000000000000000000e+00
   0    3    3    3    0.000000000000000000e+00
   0    3    3    4    0.000000000000000000e+00
   0    3    3    5    1.613373569723769007e-03
   0    3    4    0    0.000000000000000000e+00
   0    3    4    1    0.000000000000000000e+00
   0    3    4    2    0.000000000000000000e+00
   0    3    4    3    0.000000000000000000e+00
   0    3    4    4    0.000000000000000000e+00
   0    3    4    5    0.000000000000000000e+00
   0    3    5    0    0.000000000000000000e+00
   0    3    5    1    0.000000000000000000e+00
   0    3    5    2    0.000000000000000000e+00
   0    3    5    3    1.613373569723769007e-03
   0    3    5    4    0.000000000000000000e+00
   0    3    5    5    0.000000000000000000e+00
   0    4    0    0    0.000000000000000000e+00
   0    4    0    1    0.000000000000000000e+00
   0    4    0    2    0.000000000000000000e+00
   0    4    0    3    0.000000000000000000e+00
   0    4    0    4    2.799752843443208475e-02
   0    4    0    5    1.666935974882568529e-04
   0    4    1    0    0.000000000000000000e+00
   0    4    1    1    0.000000000000000000e+00
   0    4    1    2    0.000000000000000000e+00
   0    4    1    3    0.000000000000000000e+00
   0    4    1    4    4.316873713962075809e-02
   0    4    1    5    1.117057747575866088e-03
   0    4    2    0    0.000000000000000000e+00
   0    4    2    1    0.000000000000000000e+00
   0    4    2    2    0.000000000000000000e+00
   0    4    2    3    0.000000000000000000e+00
   0    4    2    4    0.000000000000000000e+00
   0    4    2    5    0.000000000000000000e+00
   0    4    3    0    0.000000000000000000e+00
   0    4    3    1    0.000000000000000000e+00
   0    4    3    2    0.000000000000000000e+00
   0    4    3    3    0.000000000000000000e+00
   0    4    3    4    0.000000000000000000e+00
   0    4    3    5    0.000000000000000000e+00
   0    4    4    0    2.799752843443208475e-02
   0    4    4    1    4.316873713962076503e-02
   0    4    4    2    0.000000000000000000e+00
   0    4    4    3    0.000000000000000000e+00
   0    4    4    4    0.000000000000000000e+00
   0    4    4    5    2.273796817178361240e-03
   0    4    5    0    1.666935974882568529e-04
   0    4    5    1    1.117057747575866304e-03
   0    4    5    2    0.000000000000000000e+00
   0    4    5    3    0.000000000000000000e+00
   0    4    5    4    2.273796817178361240e-03
   0    4    5    5    3.864465468136100285e-03
   0    5    0    0    2.360380457971661058e-02
   0    5    0    1    4.347401462414427799e-03
   0    5    0    2    0.000000000000000000e+00
   0    5    0    3    0.000000000000000000e+00
   0    5    0    4    1.666935974882568529e-04
   0    5    0    5    1.220117939912565260e-04
   0    5    1    0    4.347401462414426931e-03
   0    5    1    1    8.089255233238369647e-03
   0    5    1    2    0.000000000000000000e+00
   0    5    1    3    0.000000000000000000e+00
   0    5    1    4    3.153136345695066499e-04
   0    5    1    5    4.742048745859087826e-04
   0    5    2    0    0.000000000000000000e+00
   0    5    2    1    0.000000000000000000e+00
   0    5    2    2    8.080596711563071272e-03
   0    5    2    3    0.000000000000000000e+00
   0    5    2    4    0.000000000000000000e+00
   0    5    2    5    0.000000000000000000e+00
   0    5    3    0    0.000000000000000000e+00
   0    5    3    1    0.000000000000000000e+00
   0    5    3    2    0.000000000000000000e+00
   0    5    3    3    8.080596711563071272e-03
   0    5    3    4    0.000000000000000000e+00
   0    5    3    5    0.000000000000000000e+00
   0    5    4    0    1.666935974882567987e-04
   0    5    4    1    3.153136345695066499e-04
   0    5    4    2    0.000000000000000000e+00
   0    5    4    3    0.000000000000000000e+00
   0    5    4    4    8.107871371465666388e-03
   0    5    4    5    3.836322648464571728e-04
   0    5    5    0    1.220117939912565124e-04
   0    5    5    1    4.742048745859087826e-04
   0    5    5    2    0.000000000000000000e+00
   0    5    5    3    0.000000000000000000e+00
   0    5    5    4    3.836322648464570643e-04
   0    5    5    5    1.966769586802625744e-03
   1    0    0    0    8.419201558275544173e-01
   1    0    0    1    1.562993054528250825e-01
   1    0    0    2    0.000000000000000000e+00
   1    0    0    3    0.000000000000000000e+00
   1    0    0    4    0.000000000000000000e+00
   1    0    0    5    4.347401462414427799e-03
   1    0    1    0    1.562993054528251102e-01
   1    0    1    1    2.923436834151313390e-01
   1    0    1    2    0.000000000000000000e+00
   1    0    1    3    0.000000000000000000e+00
   1    0    1    4    0.000000000000000000e+00
   1    0    1    5    1.680957594774435543e-02
   1    0    2    0    0.000000000000000000e+00
   1    0    2    1    0.000000000000000000e+00
   1    0    2    2    2.924031393458948469e-01
   1    0    2    3    0.000000000000000000e+00
   1    0    2    4    0.000000000000000000e+00
   1    0    2    5    0.000000000000000000e+00
   1    0    3    0    0.000000000000000000e+00
   1    0    3    1    0.000000000000000000e+00
   1    0    3    2    0.000000000000000000e+00
   1    0    3    3    2.924031393458948469e-01
   1    0    3    4    0.000000000000000000e+00
   1    0    3    5    0.000000000000000000e+00
   1    0    4    0    0.000000000000000000e+00
   1    0    4    1    0.000000000000000000e+00
   1    0    4    2    0.000000000000000000e+00
   1    0    4    3    0.000000000000000000e+00
   1    0    4    4    2.924031393458948469e-01
   1    0    4    5    1.321314877037978522e-02
   1    0    5    0    4.347401462414427799e-03
   1    0    5    1    1.680957594774435543e-02
   1    0    5    2    0.000000000000000000e+00
   1    0    5    3    0.000000000000000000e+00
   1    0    5    4    1.321314877037977828e-02
   1    0    5    5    6.988341073791154434e-02
   1    1    0    0    1.268028360205202487e+00
   1    1    0    1    2.923436834151313390e-01
   1    1    0    2    0.000000000000000000e+00
   1    1    0    3    0.000000000000000000e+00
   1    1    0    4    0.000000000000000000e+00
   1    1    0    5    8.089255233238369647e-03
   1    1    1    0    2.923436834151312835e-01
   1    1    1    1    9.261671399811630678e-01
   1    1    1    2    0.000000000000000000e+00
   1    1    1    3    0.000000000000000000e+00
   1    1    1    4    0.000000000000000000e+00
   1    1    1    5    6.108909870438958278e-02
   1    1    2    0    0.000000000000000000e+00
   1    1    2    1    0.000000000000000000e+00
   1    1    2    2    9.259589345574371633e-01
   1    1    2    3    0.000000000000000000e+00
   1    1    2    4    0.000000000000000000e+00
   1    1    2    5    0.000000000000000000e+00
   1    1    3    0    0.000000000000000000e+00
   1    1    3    1    0.000000000000000000e+00
   1    1    3    2    0.000000000000000000e+00
   1    1    3    3    9.259589345574371633e-01
   1    1    3    4    0.000000000000000000e+00
   1    1    3    5    0.000000000000000000e+00
   1    1    4    0    0.000000000000000000e+00
   1    1    4    1    0.000000000000000000e+00
   1    1    4    2    0.000000000000000000e+00
   1    1    4    3    0.000000000000000000e+00
   1    1    4    4    9.259589345574371633e-01
   1    1    4    5    5.150983930303888736e-02
   1    1    5    0    8.089255233238367912e-03
   1    1    5    1    6.108909870438958278e-02
   1    1    5    2    0.000000000000000000e+00
   1    1    5    3    0.000000000000000000e+00
   1    1    5    4    5.150983930303886654e-02
   1    1    5    5    2.931343107734125097e-01
   1    2    0    0    0.000000000000000000e+00
   1    2    0    1    0.000000000000000000e+00
   1    2    0    2    4.316873713962075809e-02
   1    2    0    3    0.000000000000000000e+00
   1    2    0    4    0.000000000000000000e+00
   1    2    0    5    0.000000000000000000e+00
   1    2    1    0    0.000000000000000000e+00
   1    2    1    1    0.000000000000000000e+00
   1    2    1    2    2.045875062723615245e-01
   1    2    1    3    0.000000000000000000e+00
   1    2    1    4    0.000000000000000000e+00
   1    2    1    5    0.000000000000000000e+00
   1    2    2    0    4.316873713962075809e-02
   1    2    2    1    2.045875062723616078e-01
   1    2    2    2    0.000000000000000000e+00
   1    2    2    3    0.000000000000000000e+00
   1    2    2    4    0.000000000000000000e+00
   1    2    2    5    1.018382278993259886e-02
   1    2    3    0    0.000000000000000000e+00
   1    2    3    1    0.000000000000000000e+00
   1    2    3    2    0.000000000000000000e+00
   1    2    3    3    0.000000000000000000e+00
   1    2    3    4    0.000000000000000000e+00
   1    2    3    5    0.000000000000000000e+00
   1    2    4    0    0.000000000000000000e+00
   1    2    4    1    0.000000000000000000e+00
   1    2    4    2    0.000000000000000000e+00
   1    2    4    3    0.000000000000000000e+00
   1    2    4    4    0.000000000000000000e+00
   1    2    4    5    0.000000000000000000e+00
   1    2    5    0    0.000000000000000000e+00
   1    2    5    1    0.000000000000000000e+00
   1    2    5    2    1.018382278993259712e-02
   1    2    5    3    0.000000000000000000e+00
   1    2    5    4    0.000000000000000000e+00
   1    2    5    5    0.000000000000000000e+00
   1    3    0    0    0.000000000000000000e+00
   1    3    0    1    0.000000000000000000e+00
   1    3    0    2    0.000000000000000000e+00
   1    3    0    3    4.316873713962075809e-02
   1    3    0    4    0.000000000000000000e+00
   1    3    0    5    0.000000000000000000e+00
   1    3    1    0    0.000000000000000000e+00
   1    3    1    1    0.000000000000000000e+00
   1    3    1    2    0.000000000000000000e+00
   1    3    1    3    2.045875062723615245e-01
   1    3    1    4    0.000000000000000000e+00
   1    3    1    5    0.000000000000000000e+00
   1    3    2    0    0.000000000000000000e+00
   1    3    2    1    0.000000000000000000e+00
   1    3    2    2    0.000000000000000000e+00
   1    3    2    3    0.000000000000000000e+00
   1    3    2    4    0.000000000000000000e+00
   1    3    2    5    0.000000000000000000e+00
   1    3    3    0    4.316873713962075809e-02
   1    3    3    1    2.045875062723616078e-01
   1    3    3    2    0.000000000000000000e+00
   1    3    3    3    0.000000000000000000e+00
   1    3    3    4    0.000000000000000000e+00
   1    3    3    5    1.018382278993259886e-02
   1    3    4    0    0.000000000000000000e+00
   1    3    4    1    0.000000000000000000e+00
   1    3    4    2    0.000000000000000000e+00
   1    3    4    3    0.000000000000000000e+00
   1    3    4    4    0.000000000000000000e+00
   1    3    4    5    0.000000000000000000e+00
   1    3    5    0    0.000000000000000000e+00
   1    3    5    1    0.000000000000000000e+00
   1    3    5    2    0.000000000000000000e+00
   1    3    5    3    1.018382278993259712e-02
   1    3    5    4    0.000000000000000000e+00
   1    3    5    5    0.000000000000000000e+00
   1    4    0    0    0.000000000000000000e+00
   1    4    0    1    0.000000000000000000e+00
   1    4    0    2    0.000000000000000000e+00
   1    4    0    3    0.000000000000000000e+00
   1    4    0    4    4.316873713962075809e-02
   1    4    0    5    3.153136345695066499e-04
   1    4    1    0    0.000000000000000000e+00
   1    4    1    1    0.000000000000000000e+00
   1    4    1    2    0.000000000000000000e+00
   1    4    1    3    0.000000000000000000e+00
   1    4    1    4    2.045875062723615245e-01
   1    4    1    5    9.514457728533948916e-03
   1    4    2    0    0.000000000000000000e+00
   1    4    2    1    0.000000000000000000e+00
   1    4    2    2    0.000000000000000000e+00
   1    4    2    3    0.000000000000000000e+00
   1    4    2    4    0.000000000000000000e+00
   1    4    2    5    0.000000000000000000e+00
   1    4    3    0    0.000000000000000000e+00
   1    4    3    1    0.000000000000000000e+00
   1    4    3    2    0.000000000000000000e+00
   1    4    3    3    0.000000000000000000e+00
   1    4    3    4    0.000000000000000000e+00
   1    4    3    5    0.000000000000000000e+00
   1    4    4    0    4.316873713962075809e-02
   1    4    4    1    2.045875062723616078e-01
   1    4    4    2    0.000000000000000000e+00
   1    4    4    3    0.000000000000000000e+00
   1    4    4    4    0.000000000000000000e+00
   1    4    4    5    1.685299778146713903e-02
   1    4    5    0    3.153136345695067041e-04
   1    4    5    1    9.514457728533950651e-03
   1    4    5    2    0.000000000000000000e+00
   1    4    5    3    0.000000000000000000e+00
   1    4    5    4    1.685299778146713556e-02
   1    4    5    5    4.781676269015301683e-02
   1    5    0    0    7.172275924923088297e-02
   1    5    0    1    1.680957594774435543e-02
   1    5    0    2    0.000000000000000000e+00
   1    5    0    3    0.000000000000000000e+00
   1    5    0    4    1.117057747575865654e-03
   1    5    0    5    4.742048745859088368e-04
   1    5    1    0    1.680957594774435543e-02
   1    5    1    1    6.108909870438958278e-02
   1    5    1    2    0.000000000000000000e+00
   1    5    1    3    0.000000000000000000e+00
   1    5    1    4    9.514457728533948916e-03
   1    5    1    5    5.443553774528214415e-03
   1    5    2    0    0.000000000000000000e+00
   1    5    2    1    0.000000000000000000e+00
   1    5    2    2    6.025454791129535720e-02
   1    5    2    3    0.000000000000000000e+00
   1    5    2    4    0.000000000000000000e+00
   1    5    2    5    0.000000000000000000e+00
   1    5    3    0    0.000000000000000000e+00
   1    5    3    1    0.000000000000000000e+00
   1    5    3    2    0.000000000000000000e+00
   1    5    3    3    6.025454791129535720e-02
   1    5    3    4    0.000000000000000000e+00
   1    5    3    5    0.000000000000000000e+00
   1    5    4    0    1.117057747575866521e-03
   1    5    4    1    9.514457728533947181e-03
   1    5    4    2    0.000000000000000000e+00
   1    5    4    3    0.000000000000000000e+00
   1    5    4    4    6.269700678154874196e-02
   1    5    4    5    5.641385765781320796e-03
   1    5    5    0    4.742048745859086742e-04
   1    5    5    1    5.443553774528216149e-03
   1    5    5    2    0.000000000000000000e+00
   1    5    5    3    0.000000000000000000e+00
   1    5    5    4    5.641385765781319929e-03
   1    5    5    5    3.675813754705627157e-02
   2    0    0    0    0.000000000000000000e+00
   2    0    0    1    0.000000000000000000e+00
   2    0    0    2    2.799752843443208475e-02
   2    0    0    3    0.000000000000000000e+00
   2    0    0    4    0.000000000000000000e+00
   2    0    0    5    0.000000000000000000e+00
   2    0    1    0    0.000000000000000000e+00
   2    0    1    1    0.000000000000000000e+00
   2    0    1    2    4.316873713962075115e-02
   2    0    1    3    0.000000000000000000e+00
   2    0    1    4    0.000000000000000000e+00
   2    0    1    5    0.000000000000000000e+00
   2    0    2    0    2.799752843443208822e-02
   2    0    2    1    4.316873713962076503e-02
   2    0    2    2    0.000000000000000000e+00
   2    0    2    3    0.000000000000000000e+00
   2    0    2    4    0.000000000000000000e+00
   2    0    2    5    1.613373569723769441e-03
   2    0    3    0    0.000000000000000000e+00
   2    0    3    1    0.000000000000000000e+00
   2    0    3    2    0.000000000000000000e+00
   2    0    3    3    0.000000000000000000e+00
   2    0    3    4    0.000000000000000000e+00
   2    0    3    5    0.000000000000000000e+00
   2    0    4    0    0.000000000000000000e+00
   2    0    4    1    0.000000000000000000e+00
   2    0    4    2    0.000000000000000000e+00
   2    0    4    3    0.000000000000000000e+00
   2    0    4    4    0.000000000000000000e+00
   2    0    4    5    0.000000000000000000e+00
   2    0    5    0    0.000000000000000000e+00
   2    0    5    1    0.000000000000000000e+00
   2    0    5    2    1.613373569723769224e-03
   2    0    5    3    0.000000000000000000e+00
   2    0    5    4    0.000000000000000000e+00
   2    0    5    5    0.000000000000000000e+00
   2    1    0    0    0.000000000000000000e+00
   2    1    0    1    0.000000000000000000e+00
   2    1    0    2    4.316873713962076503e-02
   2    1    0    3    0.000000000000000000e+00
   2    1    0    4    0.000000000000000000e+00
   2    1    0    5    0.000000000000000000e+00
   2    1    1    0    0.000000000000000000e+00
   2    1    1    1    0.000000000000000000e+00
   2    1    1    2    2.045875062723615245e-01
   2    1    1    3    0.000000000000000000e+00
   2    1    1    4    0.000000000000000000e+00
   2    1    1    5    0.000000000000000000e+00
   2    1    2    0    4.316873713962076503e-02
   2    1    2    1    2.045875062723616078e-01
   2    1    2    2    0.000000000000000000e+00
   2    1    2    3    0.000000000000000000e+00
   2    1    2    4    0.000000000000000000e+00
   2    1    2    5    1.018382278993259712e-02
   2    1    3    0    0.000000000000000000e+00
   2    1    3    1    0.000000000000000000e+00
   2    1    3    2    0.000000000000000000e+00
   2    1    3    3    0.000000000000000000e+00
   2    1    3    4    0.000000000000000000e+00
   2    1    3    5    0.000000000000000000e+00
   2    1    4    0    0.000000000000000000e+00
   2    1    4    1    0.000000000000000000e+00
   2    1    4    2    0.000000000000000000e+00
   2    1    4    3    0.000000000000000000e+00
   2    1    4    4    0.000000000000000000e+00
   2    1    4    5    0.000000000000000000e+00
   2    1    5    0    0.000000000000000000e+00
   2    1    5    1    0.000000000000000000e+00
   2    1    5    2    1.018382278993259712e-02
   2    1    5    3    0.000000000000000000e+00
   2    1    5    4    0.000000000000000000e+00
   2    1    5    5    0.000000000000000000e+00
   2    2    0    0    1.264502477744242182e+00
   2    2    0    1    2.924031393458948469e-01
   2    2    0    2    0.000000000000000000e+00
   2    2    0    3    0.000000000000000000e+00
   2    2    0    4    0.000000000000000000e+00
   2    2    0    5    8.080596711563071272e-03
   2    2    1    0    2.924031393458949024e-01
   2    2    1    1    9.259589345574371633e-01
   2    2    1    2    0.000000000000000000e+00
   2    2    1    3    0.000000000000000000e+00
   2    2    1    4    0.000000000000000000e+00
   2    2    1    5    6.025454791129537802e-02
   2    2    2    0    0.000000000000000000e+00
   2    2    2    1    0.000000000000000000e+00
   2    2    2    2    9.975136259296557562e-01
   2    2    2    3    0.000000000000000000e+00
   2    2    2    4    0.000000000000000000e+00
   2    2    2    5    0.000000000000000000e+00
   2    2    3    0    0.000000000000000000e+00
   2    2    3    1    0.000000000000000000e+00
   2    2    3    2    0.000000000000000000e+00
   2    2    3    3    8.899728857331786758e-01
   2    2    3    4    0.000000000000000000e+00
   2    2    3    5    0.000000000000000000e+00
   2    2    4    0    0.000000000000000000e+00
   2    2    4    1    0.000000000000000000e+00
   2    2    4    2    0.000000000000000000e+00
   2    2    4    3    0.000000000000000000e+00
   2    2    4    4    8.899728857331786758e-01
   2    2    4    5    4.960787392116995653e-02
   2    2    5    0    8.080596711563071272e-03
   2    2    5    1    6.025454791129539189e-02
   2    2    5    2    0.000000000000000000e+00
   2    2    5    3    0.000000000000000000e+00
   2    2    5    4    4.960787392116994265e-02
   2    2    5    5    2.876386386726366706e-01
   2    3    0    0    0.000000000000000000e+00
   2    3    0    1    0.000000000000000000e+00
   2    3    0    2    0.000000000000000000e+00
   2    3    0    3    0.000000000000000000e+00
   2    3    0    4    0.000000000000000000e+00
   2    3    0    5    0.000000000000000000e+00
   2    3    1    0    0.000000000000000000e+00
   2    3    1    1    0.000000000000000000e+00
   2    3    1    2    0.000000000000000000e+00
   2    3    1    3    0.000000000000000000e+00
   2    3    1    4    0.000000000000000000e+00
   2    3    1    5    0.000000000000000000e+00
   2    3    2    0    0.000000000000000000e+00
   2    3    2    1    0.000000000000000000e+00
   2    3    2    2    0.000000000000000000e+00
   2    3    2    3    5.377037009823801977e-02
   2    3    2    4    0.000000000000000000e+00
   2    3    2    5    0.000000000000000000e+00
   2    3    3    0    0.000000000000000000e+00
   2    3    3    1    0.000000000000000000e+00
   2    3    3    2    5.377037009823801977e-02
   2    3    3    3    0.000000000000000000e+00
   2    3    3    4    0.000000000000000000e+00
   2    3    3    5    0.000000000000000000e+00
   2    3    4    0    0.000000000000000000e+00
   2    3    4    1    0.000000000000000000e+00
   2    3    4    2    0.000000000000000000e+00
   2    3    4    3    0.000000000000000000e+00
   2    3    4    4    0.000000000000000000e+00
   2    3    4    5    0.000000000000000000e+00
   2    3    5    0    0.000000000000000000e+00
   2    3    5    1    0.000000000000000000e+00
   2    3    5    2    0.000000000000000000e+00
   2    3    5    3    0.000000000000000000e+00
   2    3    5    4    0.000000000000000000e+00
   2    3    5    5    0.000000000000000000e+00
   2    4    0    0    0.000000000000000000e+00
   2    4    0    1    0.000000000000000000e+00
   2    4    0    2    0.000000000000000000e+00
   2    4    0    3    0.000000000000000000e+00
   2    4    0    4    0.000000000000000000e+00
   2    4    0    5    0.000000000000000000e+00
   2    4    1    0    0.000000000000000000e+00
   2    4    1    1    0.000000000000000000e+00
   2    4    1    2    0.000000000000000000e+00
   2    4    1    3    0.000000000000000000e+00
   2    4    1    4    0.000000000000000000e+00
   2    4    1    5    0.000000000000000000e+00
   2    4    2    0    0.000000000000000000e+00
   2    4    2    1    0.000000000000000000e+00
   2    4    2    2    0.000000000000000000e+00
   2    4    2    3    0.000000000000000000e+00
   2    4    2    4    5.377037009823801977e-02
   2    4    2    5    1.955674439939918824e-03
   2    4    3    0    0.000000000000000000e+00
   2    4    3    1    0.000000000000000000e+00
   2    4    3    2    0.000000000000000000e+00
   2    4    3    3    0.000000000000000000e+00
   2    4    3    4    0.000000000000000000e+00
   2    4    3    5    0.000000000000000000e+00
   2    4    4    0    0.000000000000000000e+00
   2    4    4    1    0.000000000000000000e+00
   2    4    4    2    5.377037009823801977e-02
   2    4    4    3    0.000000000000000000e+00
   2    4    4    4    0.000000000000000000e+00
   2    4    4    5    0.000000000000000000e+00
   2    4    5    0    0.000000000000000000e+00
   2    4    5    1    0.000000000000000000e+00
   2    4    5    2    1.955674439939919258e-03
   2    4    5    3    0.000000000000000000e+00
   2    4    5    4    0.000000000000000000e+00
   2    4    5    5    0.000000000000000000e+00
   2    5    0    0    0.000000000000000000e+00
   2    5    0    1    0.000000000000000000e+00
   2    5    0    2    1.613373569723768573e-03
   2    5    0    3    0.000000000000000000e+00
   2    5    0    4    0.000000000000000000e+00
   2    5    0    5    0.000000000000000000e+00
   2    5    1    0    0.000000000000000000e+00
   2    5    1    1    0.000000000000000000e+00
   2    5    1    2    1.018382278993259712e-02
   2    5    1    3    0.000000000000000000e+00
   2    5    1    4    0.000000000000000000e+00
   2    5    1    5    0.000000000000000000e+00
   2    5    2    0    1.613373569723769441e-03
   2    5    2    1    1.018382278993259886e-02
   2    5    2    2    0.000000000000000000e+00
   2    5    2    3    0.000000000000000000e+00
   2    5    2    4    1.955674439939919258e-03
   2    5    2    5    7.649351553236413259e-04
   2    5    3    0    0.000000000000000000e+00
   2    5    3    1    0.000000000000000000e+00
   2    5    3    2    0.000000000000000000e+00
   2    5    3    3    0.000000000000000000e+00
   2    5    3    4    0.000000000000000000e+00
   2    5    3    5    0.000000000000000000e+00
   2    5    4    0    0.000000000000000000e+00
   2    5    4    1    0.000000000000000000e+00
   2    5    4    2    1.955674439939919258e-03
   2    5    4    3    0.000000000000000000e+00
   2    5    4    4    0.000000000000000000e+00
   2    5    4    5    0.000000000000000000e+00
   2    5    5    0    0.000000000000000000e+00
   2    5    5    1    0.000000000000000000e+00
   2    5    5    2    7.649351553236413259e-04
   2    5    5    3    0.000000000000000000e+00
   2    5    5    4    0.000000000000000000e+00
   2    5    5    5    0.000000000000000000e+00
   3    0    0    0    0.000000000000000000e+00
   3    0    0    1    0.000000000000000000e+00
   3    0    0    2    0.000000000000000000e+00
   3    0    0    3    2.799752843443208475e-02
   3    0    0    4    0.000000000000000000e+00
   3    0    0    5    0.000000000000000000e+00
   3    0    1    0    0.000000000000000000e+00
   3    0    1    1    0.000000000000000000e+00
   3    0    1    2    0.000000000000000000e+00
   3    0    1    3    4.316873713962075115e-02
   3    0    1    4    0.000000000000000000e+00
   3    0    1    5    0.000000000000000000e+00
   3    0    2    0    0.000000000000000000e+00
   3    0    2    1    0.000000000000000000e+00
   3    0    2    2    0.000000000000000000e+00
   3    0    2    3    0.000000000000000000e+00
   3    0    2    4    0.000000000000000000e+00
   3    0    2    5    0.000000000000000000e+00
   3    0    3    0    2.799752843443208822e-02
   3    0    3    1    4.316873713962076503e-02
   3    0    3    2    0.000000000000000000e+00
   3    0    3    3    0.000000000000000000e+00
   3    0    3    4    0.000000000000000000e+00
   3    0    3    5    1.613373569723769441e-03
   3    0    4    0    0.000000000000000000e+00
   3    0    4    1    0.000000000000000000e+00
   3    0    4    2    0.000000000000000000e+00
   3    0    4    3    0.000000000000000000e+00
   3    0    4    4    0.000000000000000000e+00
   3    0    4    5    0.000000000000000000e+00
   3    0    5    0    0.000000000000000000e+00
   3    0    5    1    0.000000000000000000e+00
   3    0    5    2    0.000000000000000000e+00
   3    0    5    3    1.613373569723769224e-03
   3    0    5    4    0.000000000000000000e+00
   3    0    5    5    0.000000000000000000e+00
   3    1    0    0    0.000000000000000000e+00
   3    1    0    1    0.000000000000000000e+00
   3    1    0    2    0.000000000000000000e+00
   3    1    0    3    4.316873713962076503e-02
   3    1    0    4    0.000000000000000000e+00
   3    1    0    5    0.000000000000000000e+00
   3    1    1    0    0.000000000000000000e+00
   3    1    1    1    0.000000000000000000e+00
   3    1    1    2    0.000000000000000000e+00
   3    1    1    3    2.045875062723615245e-01
   3    1    1    4    0.000000000000000000e+00
   3    1    1    5    0.000000000000000000e+00
   3    1    2    0    0.000000000000000000e+00
   3    1    2    1    0.000000000000000000e+00
   3    1    2    2    0.000000000000000000e+00
   3    1    2    3    0.000000000000000000e+00
   3    1    2    4    0.000000000000000000e+00
   3    1    2    5    0.000000000000000000e+00
   3    1    3    0    4.316873713962076503e-02
   3    1    3    1    2.045875062723616078e-01
   3    1    3    2    0.000000000000000000e+00
   3    1    3    3    0.000000000000000000e+00
   3    1    3    4    0.000000000000000000e+00
   3    1    3    5    1.018382278993259712e-02
   3    1    4    0    0.000000000000000000e+00
   3    1    4    1    0.000000000000000000e+00
   3    1    4    2    0.000000000000000000e+00
   3    1    4    3    0.000000000000000000e+00
   3    1    4    4    0.000000000000000000e+00
   3    1    4    5    0.000000000000000000e+00
   3    1    5    0    0.000000000000000000e+00
   3    1    5    1    0.000000000000000000e+00
   3    1    5    2    0.000000000000000000e+00
   3    1    5    3    1.018382278993259712e-02
   3    1    5    4    0.000000000000000000e+00
   3    1    5    5    0.000000000000000000e+00
   3    2    0    0    0.000000000000000000e+00
   3    2    0    1    0.000000000000000000e+00
   3    2    0    2    0.000000000000000000e+00
   3    2    0    3    0.000000000000000000e+00
   3    2    0    4    0.000000000000000000e+00
   3    2    0    5    0.000000000000000000e+00
   3    2    1    0    0.000000000000000000e+00
   3    2    1    1    0.000000000000000000e+00
   3    2    1    2    0.000000000000000000e+00
   3    2    1    3    0.000000000000000000e+00
   3    2    1    4    0.000000000000000000e+00
   3    2    1    5    0.000000000000000000e+00
   3    2    2    0    0.000000000000000000e+00
   3    2    2    1    0.000000000000000000e+00
   3    2    2    2    0.000000000000000000e+00
   3    2    2    3    5.377037009823801977e-02
   3    2    2    4    0.000000000000000000e+00
   3    2    2    5    0.000000000000000000e+00
   3    2    3    0    0.000000000000000000e+00
   3    2    3    1    0.000000000000000000e+00
   3    2    3    2    5.377037009823801977e-02
   3    2    3    3    0.000000000000000000e+00
   3    2    3    4    0.000000000000000000e+00
   3    2    3    5    0.000000000000000000e+00
   3    2    4    0    0.000000000000000000e+00
   3    2    4    1    0.000000000000000000e+00
   3    2    4    2    0.000000000000000000e+00
   3    2    4    3    0.000000000000000000e+00
   3    2    4    4    0.000000000000000000e+00
   3    2    4    5    0.000000000000000000e+00
   3    2    5    0    0.000000000000000000e+00
   3    2    5    1    0.000000000000000000e+00
   3    2    5    2    0.000000000000000000e+00
   3    2    5    3    0.000000000000000000e+00
   3    2    5    4    0.000000000000000000e+00
   3    2    5    5    0.000000000000000000e+00
   3    3    0    0    1.264502477744242182e+00
   3    3    0    1    2.924031393458948469e-01
   3    3    0    2    0.000000000000000000e+00
   3    3    0    3    0.000000000000000000e+00
   3    3    0    4    0.000000000000000000e+00
   3    3    0    5    8.080596711563071272e-03
   3    3    1    0    2.924031393458949024e-01
   3    3    1    1    9.259589345574371633e-01
   3    3    1    2    0.000000000000000000e+00
   3    3    1    3    0.000000000000000000e+00
   3    3    1    4    0.000000000000000000e+00
   3    3    1    5    6.025454791129537802e-02
   3    3    2    0    0.000000000000000000e+00
   3    3    2    1    0.000000000000000000e+00
   3    3    2    2    8.899728857331786758e-01
   3    3    2    3    0.000000000000000000e+00
   3    3    2    4    0.000000000000000000e+00
   3    3    2    5    0.000000000000000000e+00
   3    3    3    0    0.000000000000000000e+00
   3    3    3    1    0.000000000000000000e+00
   3    3    3    2    0.000000000000000000e+00
   3    3    3    3    9.975136259296557562e-01
   3    3    3    4    0.000000000000000000e+00
   3    3    3    5    0.000000000000000000e+00
   3    3    4    0    0.000000000000000000e+00
   3    3    4    1    0.000000000000000000e+00
   3    3    4    2    0.000000000000000000e+00
   3    3    4    3    0.000000000000000000e+00
   3    3    4    4    8.899728857331786758e-01
   3    3    4    5    4.960787392116995653e-02
   3    3    5    0    8.080596711563071272e-03
   3    3    5    1    6.025454791129539189e-02
   3    3    5    2    0.000000000000000000e+00
   3    3    5    3    0.000000000000000000e+00
   3    3    5    4    4.960787392116994265e-02
   3    3    5    5    2.876386386726366706e-01
   3    4    0    0    0.000000000000000000e+00
   3    4    0    1    0.000000000000000000e+00
   3    4    0    2    0.000000000000000000e+00
   3    4    0    3    0.000000000000000000e+00
   3    4    0    4    0.000000000000000000e+00
   3    4    0    5    0.000000000000000000e+00
   3    4    1    0    0.000000000000000000e+00
   3    4    1    1    0.000000000000000000e+00
   3    4    1    2    0.000000000000000000e+00
   3    4    1    3    0.000000000000000000e+00
   3    4    1    4    0.000000000000000000e+00
   3    4    1    5    0.000000000000000000e+00
   3    4    2    0    0.000000000000000000e+00
   3    4    2    1    0.000000000000000000e+00
   3    4    2    2    0.000000000000000000e+00
   3    4    2    3    0.000000000000000000e+00
   3    4    2    4    0.000000000000000000e+00
   3    4    2    5    0.000000000000000000e+00
   3    4    3    0    0.000000000000000000e+00
   3    4    3    1    0.000000000000000000e+00
   3    4    3    2    0.000000000000000000e+00
   3    4    3    3    0.000000000000000000e+00
   3    4    3    4    5.377037009823801977e-02
   3    4    3    5    1.955674439939918824e-03
   3    4    4    0    0.000000000000000000e+00
   3    4    4    1    0.000000000000000000e+00
   3    4    4    2    0.000000000000000000e+00
   3    4    4    3    5.377037009823801977e-02
   3    4    4    4    0.000000000000000000e+00
   3    4    4    5    0.000000000000000000e+00
   3    4    5    0    0.000000000000000000e+00
   3    4    5    1    0.000000000000000000e+00
   3    4    5    2    0.000000000000000000e+00
   3    4    5    3    1.955674439939919258e-03
   3    4    5    4    0.000000000000000000e+00
   3    4    5    5    0.000000000000000000e+00
   3    5    0    0    0.000000000000000000e+00
   3    5    0    1    0.000000000000000000e+00
   3    5    0    2    0.000000000000000000e+00
   3    5    0    3    1.613373569723768573e-03
   3    5    0    4    0.000000000000000000e+00
   3    5    0    5    0.000000000000000000e+00
   3    5    1    0    0.000000000000000000e+00
   3    5    1    1    0.000000000000000000e+00
   3    5    1    2    0.000000000000000000e+00
   3    5    1    3    1.018382278993259712e-02
   3    5    1    4    0.000000000000000000e+00
   3    5    1    5    0.000000000000000000e+00
   3    5    2    0    0.000000000000000000e+00
   3    5    2    1    0.000000000000000000e+00
   3    5    2    2    0.000000000000000000e+00
   3    5    2    3    0.000000000000000000e+00
   3    5    2    4    0.000000000000000000e+00
   3    5    2    5    0.000000000000000000e+00
   3    5    3    0    1.613373569723769441e-03
   3    5    3    1    1.018382278993259886e-02
   3    5    3    2    0.000000000000000000e+00
   3    5    3    3    0.000000000000000000e+00
   3    5    3    4    1.955674439939919258e-03
   3    5    3    5    7.649351553236413259e-04
   3    5    4    0    0.000000000000000000e+00
   3    5    4    1    0.000000000000000000e+00
   3    5    4    2    0.000000000000000000e+00
   3    5    4    3    1.955674439939919258e-03
   3    5    4    4    0.000000000000000000e+00
   3    5    4    5    0.000000000000000000e+00
   3    5    5    0    0.000000000000000000e+00
   3    5    5    1    0.000000000000000000e+00
   3    5    5    2    0.000000000000000000e+00
   3    5    5    3    7.649351553236413259e-04
   3    5    5    4    0.000000000000000000e+00
   3    5    5    5    0.000000000000000000e+00
   4    0    0    0    0.000000000000000000e+00
   4    0    0    1    0.000000000000000000e+00
   4    0    0    2    0.000000000000000000e+00
   4    0    0    3    0.000000000000000000e+00
   4    0    0    4    2.799752843443208475e-02
   4    0    0    5    1.666935974882568258e-04
   4    0    1    0    0.000000000000000000e+00
   4    0    1    1    0.000000000000000000e+00
   4    0    1    2    0.000000000000000000e+00
   4    0    1    3    0.000000000000000000e+00
   4    0    1    4    4.316873713962075115e-02
   4    0    1    5    1.117057747575866088e-03
   4    0    2    0    0.000000000000000000e+00
   4    0    2    1    0.000000000000000000e+00
   4    0    2    2    0.000000000000000000e+00
   4    0    2    3    0.000000000000000000e+00
   4    0    2    4    0.000000000000000000e+00
   4    0    2    5    0.000000000000000000e+00
   4    0    3    0    0.000000000000000000e+00
   4    0    3    1    0.000000000000000000e+00
   4    0    3    2    0.000000000000000000e+00
   4    0    3    3    0.000000000000000000e+00
   4    0    3    4    0.000000000000000000e+00
   4    0    3    5    0.000000000000000000e+00
   4    0    4    0    2.799752843443208822e-02
   4    0    4    1    4.316873713962076503e-02
   4    0    4    2    0.000000000000000000e+00
   4    0    4    3    0.000000000000000000e+00
   4    0    4    4    0.000000000000000000e+00
   4    0    4    5    2.273796817178360807e-03
   4    0    5    0    1.666935974882568258e-04
   4    0    5    1    1.117057747575866521e-03
   4    0    5    2    0.000000000000000000e+00
   4    0    5    3    0.000000000000000000e+00
   4    0    5    4    2.273796817178360373e-03
   4    0    5    5    3.864465468136100285e-03
   4    1    0    0    0.000000000000000000e+00
   4    1    0    1    0.000000000000000000e+00
   4    1    0    2    0.000000000000000000e+00
   4    1    0    3    0.000000000000000000e+00
   4    1    0    4    4.316873713962076503e-02
   4    1    0    5    3.153136345695066499e-04
   4    1    1    0    0.000000000000000000e+00
   4    1    1    1    0.000000000000000000e+00
   4    1    1    2    0.000000000000000000e+00
   4    1    1    3    0.000000000000000000e+00
   4    1    1    4    2.045875062723615245e-01
   4    1    1    5    9.514457728533948916e-03
   4    1    2    0    0.000000000000000000e+00
   4    1    2    1    0.000000000000000000e+00
   4    1    2    2    0.000000000000000000e+00
   4    1    2    3    0.000000000000000000e+00
   4    1    2    4    0.000000000000000000e+00
   4    1    2    5    0.000000000000000000e+00
   4    1    3    0    0.000000000000000000e+00
   4    1    3    1    0.000000000000000000e+00
   4    1    3    2    0.000000000000000000e+00
   4    1    3    3    0.000000000000000000e+00
   4    1    3    4    0.000000000000000000e+00
   4    1    3    5    0.000000000000000000e+00
   4    1    4    0    4.316873713962076503e-02
   4    1    4    1    2.045875062723616078e-01
   4    1    4    2    0.000000000000000000e+00
   4    1    4    3    0.000000000000000000e+00
   4    1    4    4    0.000000000000000000e+00
   4    1    4    5    1.685299778146713903e-02
   4    1    5    0    3.153136345695066499e-04
   4    1    5    1    9.514457728533950651e-03
   4    1    5    2    0.000000000000000000e+00
   4    1    5    3    0.000000000000000000e+00
   4    1    5    4    1.685299778146713556e-02
   4    1    5    5    4.781676269015303765e-02
   4    2    0    0    0.000000000000000000e+00
   4    2    0    1    0.000000000000000000e+00
   4    2    0    2    0.000000000000000000e+00
   4    2    0    3    0.000000000000000000e+00
   4    2    0    4    0.000000000000000000e+00
   4    2    0    5    0.000000000000000000e+00
   4    2    1    0    0.000000000000000000e+00
   4    2    1    1    0.000000000000000000e+00
   4    2    1    2    0.000000000000000000e+00
   4    2    1    3    0.000000000000000000e+00
   4    2    1    4    0.000000000000000000e+00
   4    2    1    5    0.000000000000000000e+00
   4    2    2    0    0.000000000000000000e+00
   4    2    2    1    0.000000000000000000e+00
   4    2    2    2    0.000000000000000000e+00
   4    2    2    3    0.000000000000000000e+00
   4    2    2    4    5.377037009823801977e-02
   4    2    2    5    1.955674439939918824e-03
   4    2    3    0    0.000000000000000000e+00
   4    2    3    1    0.000000000000000000e+00
   4    2    3    2    0.000000000000000000e+00
   4    2    3    3    0.000000000000000000e+00
   4    2    3    4    0.000000000000000000e+00
   4    2    3    5    0.000000000000000000e+00
   4    2    4    0    0.000000000000000000e+00
   4    2    4    1    0.000000000000000000e+00
   4    2    4    2    5.377037009823801977e-02
   4    2    4    3    0.000000000000000000e+00
   4    2    4    4    0.000000000000000000e+00
   4    2    4    5    0.000000000000000000e+00
   4    2    5    0    0.000000000000000000e+00
   4    2    5    1    0.000000000000000000e+00
   4    2    5    2    1.955674439939919258e-03
   4    2    5    3    0.000000000000000000e+00
   4    2    5    4    0.000000000000000000e+00
   4    2    5    5    0.000000000000000000e+00
   4    3    0    0    0.000000000000000000e+00
   4    3    0    1    0.000000000000000000e+00
   4    3    0    2    0.000000000000000000e+00
   4    3    0    3    0.000000000000000000e+00
   4    3    0    4    0.000000000000000000e+00
   4    3    0    5    0.000000000000000000e+00
   4    3    1    0    0.000000000000000000e+00
   4    3    1    1    0.000000000000000000e+00
   4    3    1    2    0.000000000000000000e+00
   4    3    1    3    0.000000000000000000e+00
   4    3    1    4    0.000000000000000000e+00
   4    3    1    5    0.000000000000000000e+00
   4    3    2    0    0.000000000000000000e+00
   4    3    2    1    0.000000000000000000e+00
   4    3    2    2    0.000000000000000000e+00
   4    3    2    3    0.000000000000000000e+00
   4    3    2    4    0.000000000000000000e+00
   4    3    2    5    0.000000000000000000e+00
   4    3    3    0    0.000000000000000000e+00
   4    3    3    1    0.000000000000000000e+00
   4    3    3    2    0.000000000000000000e+00
   4    3    3    3    0.000000000000000000e+00
   4    3    3    4    5.377037009823801977e-02
   4    3    3    5    1.955674439939918824e-03
   4    3    4    0    0.000000000000000000e+00
   4    3    4    1    0.000000000000000000e+00
   4    3    4    2    0.000000000000000000e+00
   4    3    4    3    5.377037009823801977e-02
   4    3    4    4    0.000000000000000000e+00
   4    3    4    5    0.000000000000000000e+00
   4    3    5    0    0.000000000000000000e+00
   4    3    5    1    0.000000000000000000e+00
   4    3    5    2    0.000000000000000000e+00
   4    3    5    3    1.955674439939919258e-03
   4    3    5    4    0.000000000000000000e+00
   4    3    5    5    0.000000000000000000e+00
   4    4    0    0    1.264502477744242182e+00
   4    4    0    1    2.924031393458948469e-01
   4    4    0    2    0.000000000000000000e+00
   4    4    0    3    0.000000000000000000e+00
   4    4    0    4    0.000000000000000000e+00
   4    4    0    5    8.107871371465671592e-03
   4    4    1    0    2.924031393458949024e-01
   4    4    1    1    9.259589345574371633e-01
   4    4    1    2    0.000000000000000000e+00
   4    4    1    3    0.000000000000000000e+00
   4    4    1    4    0.000000000000000000e+00
   4    4    1    5    6.269700678154874196e-02
   4    4    2    0    0.000000000000000000e+00
   4    4    2    1    0.000000000000000000e+00
   4    4    2    2    8.899728857331786758e-01
   4    4    2    3    0.000000000000000000e+00
   4    4    2    4    0.000000000000000000e+00
   4    4    2    5    0.000000000000000000e+00
   4    4    3    0    0.000000000000000000e+00
   4    4    3    1    0.000000000000000000e+00
   4    4    3    2    0.000000000000000000e+00
   4    4    3    3    8.899728857331786758e-01
   4    4    3    4    0.000000000000000000e+00
   4    4    3    5    0.000000000000000000e+00
   4    4    4    0    0.000000000000000000e+00
   4    4    4    1    0.000000000000000000e+00
   4    4    4    2    0.000000000000000000e+00
   4    4    4    3    0.000000000000000000e+00
   4    4    4    4    9.975136259296557562e-01
   4    4    4    5    5.525736561939310898e-02
   4    4    5    0    8.107871371465671592e-03
   4    4    5    1    6.269700678154875584e-02
   4    4    5    2    0.000000000000000000e+00
   4    4    5    3    0.000000000000000000e+00
   4    4    5    4    5.525736561939308122e-02
   4    4    5    5    3.040739674331529030e-01
   4    5    0    0    5.573431413953144897e-02
   4    5    0    1    1.321314877037978348e-02
   4    5    0    2    0.000000000000000000e+00
   4    5    0    3    0.000000000000000000e+00
   4    5    0    4    2.273796817178361240e-03
   4    5    0    5    3.836322648464571728e-04
   4    5    1    0    1.321314877037978522e-02
   4    5    1    1    5.150983930303888736e-02
   4    5    1    2    0.000000000000000000e+00
   4    5    1    3    0.000000000000000000e+00
   4    5    1    4    1.685299778146713556e-02
   4    5    1    5    5.641385765781320796e-03
   4    5    2    0    0.000000000000000000e+00
   4    5    2    1    0.000000000000000000e+00
   4    5    2    2    4.960787392116994959e-02
   4    5    2    3    0.000000000000000000e+00
   4    5    2    4    0.000000000000000000e+00
   4    5    2    5    0.000000000000000000e+00
   4    5    3    0    0.000000000000000000e+00
   4    5    3    1    0.000000000000000000e+00
   4    5    3    2    0.000000000000000000e+00
   4    5    3    3    4.960787392116994959e-02
   4    5    3    4    0.000000000000000000e+00
   4    5    3    5    0.000000000000000000e+00
   4    5    4    0    2.273796817178362108e-03
   4    5    4    1    1.685299778146713903e-02
   4    5    4    2    0.000000000000000000e+00
   4    5    4    3    0.000000000000000000e+00
   4    5    4    4    5.525736561939310204e-02
   4    5    4    5    6.538025036751562991e-03
   4    5    5    0    3.836322648464571728e-04
   4    5    5    1    5.641385765781320796e-03
   4    5    5    2    0.000000000000000000e+00
   4    5    5    3    0.000000000000000000e+00
   4    5    5    4    6.538025036751562123e-03
   4    5    5    5    4.515782733342282862e-02
   5    0    0    0    2.360380457971661405e-02
   5    0    0    1    4.347401462414427799e-03
   5    0    0    2    0.000000000000000000e+00
   5    0    0    3    0.000000000000000000e+00
   5    0    0    4    1.666935974882568529e-04
   5    0    0    5    1.220117939912565260e-04
   5    0    1    0    4.347401462414426931e-03
   5    0    1    1    8.089255233238367912e-03
   5    0    1    2    0.000000000000000000e+00
   5    0    1    3    0.000000000000000000e+00
   5    0    1    4    3.153136345695067041e-04
   5    0    1    5    4.742048745859087826e-04
   5    0    2    0    0.000000000000000000e+00
   5    0    2    1    0.000000000000000000e+00
   5    0    2    2    8.080596711563071272e-03
   5    0    2    3    0.000000000000000000e+00
   5    0    2    4    0.000000000000000000e+00
   5    0    2    5    0.000000000000000000e+00
   5    0    3    0    0.000000000000000000e+00
   5    0    3    1    0.000000000000000000e+00
   5    0    3    2    0.000000000000000000e+00
   5    0    3    3    8.080596711563071272e-03
   5    0    3    4    0.000000000000000000e+00
   5    0    3    5    0.000000000000000000e+00
   5    0    4    0    1.666935974882567987e-04
   5    0    4    1    3.153136345695065957e-04
   5    0    4    2    0.000000000000000000e+00
   5    0    4    3    0.000000000000000000e+00
   5    0    4    4    8.107871371465666388e-03
   5    0    4    5    3.836322648464572270e-04
   5    0    5    0    1.220117939912565260e-04
   5    0    5    1    4.742048745859087826e-04
   5    0    5    2    0.000000000000000000e+00
   5    0    5    3    0.000000000000000000e+00
   5    0    5    4    3.836322648464571185e-04
   5    0    5    5    1.966769586802625744e-03
   5    1    0    0    7.172275924923088297e-02
   5    1    0    1    1.680957594774435543e-02
   5    1    0    2    0.000000000000000000e+00
   5    1    0    3    0.000000000000000000e+00
   5    1    0    4    1.117057747575865871e-03
   5    1    0    5    4.742048745859088368e-04
   5    1    1    0    1.680957594774435543e-02
   5    1    1    1    6.108909870438959666e-02
   5    1    1    2    0.000000000000000000e+00
   5    1    1    3    0.000000000000000000e+00
   5    1    1    4    9.514457728533950651e-03
   5    1    1    5    5.443553774528215282e-03
   5    1    2    0    0.000000000000000000e+00
   5    1    2    1    0.000000000000000000e+00
   5    1    2    2    6.025454791129536414e-02
   5    1    2    3    0.000000000000000000e+00
   5    1    2    4    0.000000000000000000e+00
   5    1    2    5    0.000000000000000000e+00
   5    1    3    0    0.000000000000000000e+00
   5    1    3    1    0.000000000000000000e+00
   5    1    3    2    0.000000000000000000e+00
   5    1    3    3    6.025454791129536414e-02
   5    1    3    4    0.000000000000000000e+00
   5    1    3    5    0.000000000000000000e+00
   5    1    4    0    1.117057747575866521e-03
   5    1    4    1    9.514457728533950651e-03
   5    1    4    2    0.000000000000000000e+00
   5    1    4    3    0.000000000000000000e+00
   5    1    4    4    6.269700678154875584e-02
   5    1    4    5    5.641385765781320796e-03
   5    1    5    0    4.742048745859087826e-04
   5    1    5    1    5.443553774528216149e-03
   5    1    5    2    0.000000000000000000e+00
   5    1    5    3    0.000000000000000000e+00
   5    1    5    4    5.641385765781319062e-03
   5    1    5    5    3.675813754705627850e-02
   5    2    0    0    0.000000000000000000e+00
   5    2    0    1    0.000000000000000000e+00
   5    2    0    2    1.613373569723768790e-03
   5    2    0    3    0.000000000000000000e+00
   5    2    0    4    0.000000000000000000e+00
   5    2    0    5    0.000000000000000000e+00
   5    2    1    0    0.000000000000000000e+00
   5    2    1    1    0.000000000000000000e+00
   5    2    1    2    1.018382278993259712e-02
   5    2    1    3    0.000000000000000000e+00
   5    2    1    4    0.000000000000000000e+00
   5    2    1    5    0.000000000000000000e+00
   5    2    2    0    1.613373569723769441e-03
   5    2    2    1    1.018382278993260406e-02
   5    2    2    2    0.000000000000000000e+00
   5    2    2    3    0.000000000000000000e+00
   5    2    2    4    1.955674439939919691e-03
   5    2    2    5    7.649351553236415427e-04
   5    2    3    0    0.000000000000000000e+00
   5    2    3    1    0.000000000000000000e+00
   5    2    3    2    0.000000000000000000e+00
   5    2    3    3    0.000000000000000000e+00
   5    2    3    4    0.000000000000000000e+00
   5    2    3    5    0.000000000000000000e+00
   5    2    4    0    0.000000000000000000e+00
   5    2    4    1    0.000000000000000000e+00
   5    2    4    2    1.955674439939919691e-03
   5    2    4    3    0.000000000000000000e+00
   5    2    4    4    0.000000000000000000e+00
   5    2    4    5    0.000000000000000000e+00
   5    2    5    0    0.000000000000000000e+00
   5    2    5    1    0.000000000000000000e+00
   5    2    5    2    7.649351553236415427e-04
   5    2    5    3    0.000000000000000000e+00
   5    2    5    4    0.000000000000000000e+00
   5    2    5    5    0.000000000000000000e+00
   5    3    0    0    0.000000000000000000e+00
   5    3    0    1    0.000000000000000000e+00
   5    3    0    2    0.000000000000000000e+00
   5    3    0    3    1.613373569723768790e-03
   5    3    0    4    0.000000000000000000e+00
   5    3    0    5    0.000000000000000000e+00
   5    3    1    0    0.000000000000000000e+00
   5    3    1    1    0.000000000000000000e+00
   5    3    1    2    0.000000000000000000e+00
   5    3    1    3    1.018382278993259712e-02
   5    3    1    4    0.000000000000000000e+00
   5    3    1    5    0.000000000000000000e+00
   5    3    2    0    0.000000000000000000e+00
   5    3    2    1    0.000000000000000000e+00
   5    3    2    2    0.000000000000000000e+00
   5    3    2    3    0.000000000000000000e+00
   5    3    2    4    0.000000000000000000e+00
   5    3    2    5    0.000000000000000000e+00
   5    3    3    0    1.613373569723769441e-03
   5    3    3    1    1.018382278993260406e-02
   5    3    3    2    0.000000000000000000e+00
   5    3    3    3    0.000000000000000000e+00
   5    3    3    4    1.955674439939919691e-03
   5    3    3    5    7.649351553236415427e-04
   5    3    4    0    0.000000000000000000e+00
   5    3    4    1    0.000000000000000000e+00
   5    3    4    2    0.000000000000000000e+00
   5    3    4    3    1.955674439939919691e-03
   5    3    4    4    0.000000000000000000e+00
   5    3    4    5    0.000000000000000000e+00
   5    3    5    0    0.000000000000000000e+00
   5    3    5    1    0.000000000000000000e+00
   5    3    5    2    0.000000000000000000e+00
   5    3    5    3    7.649351553236415427e-04
   5    3    5    4    0.000000000000000000e+00
   5    3    5    5    0.000000000000000000e+00
   5    4    0    0    5.573431413953143509e-02
   5    4    0    1    1.321314877037977828e-02
   5    4    0    2    0.000000000000000000e+00
   5    4    0    3    0.000000000000000000e+00
   5    4    0    4    2.273796817178361240e-03
   5    4    0    5    3.836322648464571185e-04
   5    4    1    0    1.321314877037977828e-02
   5    4    1    1    5.150983930303888042e-02
   5    4    1    2    0.000000000000000000e+00
   5    4    1    3    0.000000000000000000e+00
   5    4    1    4    1.685299778146713209e-02
   5    4    1    5    5.641385765781320796e-03
   5    4    2    0    0.000000000000000000e+00
   5    4    2    1    0.000000000000000000e+00
   5    4    2    2    4.960787392116993572e-02
   5    4    2    3    0.000000000000000000e+00
   5    4    2    4    0.000000000000000000e+00
   5    4    2    5    0.000000000000000000e+00
   5    4    3    0    0.000000000000000000e+00
   5    4    3    1    0.000000000000000000e+00
   5    4    3    2    0.000000000000000000e+00
   5    4    3    3    4.960787392116993572e-02
   5    4    3    4    0.000000000000000000e+00
   5    4    3    5    0.000000000000000000e+00
   5    4    4    0    2.273796817178361674e-03
   5    4    4    1    1.685299778146713556e-02
   5    4    4    2    0.000000000000000000e+00
   5    4    4    3    0.000000000000000000e+00
   5    4    4    4    5.525736561939309510e-02
   5    4    4    5    6.538025036751562991e-03
   5    4    5    0    3.836322648464571185e-04
   5    4    5    1    5.641385765781320796e-03
   5    4    5    2    0.000000000000000000e+00
   5    4    5    3    0.000000000000000000e+00
   5    4    5    4    6.538025036751562991e-03
   5    4    5    5    4.515782733342281474e-02
   5    5    0    0    2.936718631576201166e-01
   5    5    0    1    6.988341073791151659e-02
   5    5    0    2    0.000000000000000000e+00
   5    5    0    3    0.000000000000000000e+00
   5    5    0    4    3.864465468136100285e-03
   5    5    0    5    1.966769586802626178e-03
   5    5    1    0    6.988341073791153046e-02
   5    5    1    1    2.931343107734123987e-01
   5    5    1    2    0.000000000000000000e+00
   5    5    1    3    0.000000000000000000e+00
   5    5    1    4    4.781676269015303765e-02
   5    5    1    5    3.675813754705627850e-02
   5    5    2    0    0.000000000000000000e+00
   5    5    2    1    0.000000000000000000e+00
   5    5    2    2    2.876386386726365596e-01
   5    5    2    3    0.000000000000000000e+00
   5    5    2    4    0.000000000000000000e+00
   5    5    2    5    0.000000000000000000e+00
   5    5    3    0    0.000000000000000000e+00
   5    5    3    1    0.000000000000000000e+00
   5    5    3    2    0.000000000000000000e+00
   5    5    3    3    2.876386386726365596e-01
   5    5    3    4    0.000000000000000000e+00
   5    5    3    5    0.000000000000000000e+00
   5    5    4    0    3.864465468136099851e-03
   5    5    4    1    4.781676269015303071e-02
   5    5    4    2    0.000000000000000000e+00
   5    5    4    3    0.000000000000000000e+00
   5    5    4    4    3.040739674331527920e-01
   5    5    4    5    4.515782733342280780e-02
   5    5    5    0    1.966769586802626178e-03
   5    5    5    1    3.675813754705628544e-02
   5    5    5    2    0.000000000000000000e+00
   5    5    5    3    0.000000000000000000e+00
   5    5    5    4    4.515782733342280780e-02
   5    5    5    5    7.746059439198977881e-01
