   0    0    0    0    5.403501140569933803e+00
   0    0    0    1    8.419201558275541952e-01
   0    0    0    2    0.000000000000000000e+00
   0    0    0    3    0.000000000000000000e+00
   0    0    0    4    0.000000000000000000e+00
   0    0    0    5    3.673913164281599614e-02
   0    0    1    0    8.419201558275544173e-01
   0    0    1    1    1.268028360205202265e+00
   0    0    1    2    0.000000000000000000e+00
   0    0    1    3    0.000000000000000000e+00
   0    0    1    4    0.000000000000000000e+00
   0    0    1    5    1.095148025190105789e-01
   0    0    2    0    0.000000000000000000e+00
   0    0    2    1    0.000000000000000000e+00
   0    0    2    2    1.264502477744241515e+00
   0    0    2    3    0.000000000000000000e+00
   0    0    2    4    0.000000000000000000e+00
   0    0    2    5    0.000000000000000000e+00
   0    0    3    0    0.000000000000000000e+00
   0    0    3    1    0.000000000000000000e+00
   0    0    3    2    0.000000000000000000e+00
   0    0    3    3    1.264502477744241515e+00
   0    0    3    4    0.000000000000000000e+00
   0    0    3    5    0.000000000000000000e+00
   0    0    4    0    0.000000000000000000e+00
   0    0    4    1    0.000000000000000000e+00
   0    0    4    2    0.000000000000000000e+00
   0    0    4    3    0.000000000000000000e+00
   0    0    4    4    1.264502477744241515e+00
   0    0    4    5    8.255710346490321982e-02
   0    0    5    0    3.673913164281599614e-02
   0    0    5    1    1.095148025190105789e-01
   0    0    5    2    0.000000000000000000e+00
   0    0    5    3    0.000000000000000000e+00
   0    0    5    4    8.255710346490324758e-02
   0    0    5    5    3.298418812961955160e-01
   0    1    0    0    8.419201558275544173e-01
   0    1    0    1    1.562993054528251102e-01
   0    1    0    2    0.000000000000000000e+00
   0    1    0    3    0.000000000000000000e+00
   0    1    0    4    0.000000000000000000e+00
   0    1    0    5    6.766714085345185842e-03
   0    1    1    0    1.562993054528251380e-01
   0    1    1    1    2.923436834151313390e-01
   0    1    1    2    0.000000000000000000e+00
   0    1    1    3    0.000000000000000000e+00
   0    1    1    4    0.000000000000000000e+00
   0    1    1    5    2.565917331628092546e-02
   0    1    2    0    0.000000000000000000e+00
   0    1    2    1    0.000000000000000000e+00
   0    1    2    2    2.924031393458948469e-01
   0    1    2    3    0.000000000000000000e+00
   0    1    2    4    0.000000000000000000e+00
   0    1    2    5    0.000000000000000000e+00
   0    1    3    0    0.000000000000000000e+00
   0    1    3    1    0.000000000000000000e+00
   0    1    3    2    0.000000000000000000e+00
   0    1    3    3    2.924031393458948469e-01
   0    1    3    4    0.000000000000000000e+00
   0    1    3    5    0.000000000000000000e+00
   0    1    4    0    0.000000000000000000e+00
   0    1    4    1    0.000000000000000000e+00
   0    1    4    2    0.000000000000000000e+00
   0    1    4    3    0.000000000000000000e+00
   0    1    4    4    2.924031393458948469e-01
   0    1    4    5    1.957099208363751591e-02
   0    1    5    0    6.766714085345182372e-03
   0    1    5    1    2.565917331628092546e-02
   0    1    5    2    0.000000000000000000e+00
   0    1    5    3    0.000000000000000000e+00
   0    1    5    4    1.957099208363752632e-02
   0    1    5    5    7.848085921397313092e-02
   0    2    0    0    0.000000000000000000e+00
   0    2    0    1    0.000000000000000000e+00
   0    2    0    2    2.799752843443208475e-02
   0    2    0    3    0.000000000000000000e+00
   0    2    0    4    0.000000000000000000e+00
   0    2    0    5    0.000000000000000000e+00
   0    2    1    0    0.000000000000000000e+00
   0    2    1    1    0.000000000000000000e+00
   0    2    1    2    4.316873713962075809e-02
   0    2    1    3    0.000000000000000000e+00
   0    2    1    4    0.000000000000000000e+00
   0    2    1    5    0.000000000000000000e+00
   0    2    2    0    2.799752843443208475e-02
   0    2    2    1    4.316873713962076503e-02
   0    2    2    2    0.000000000000000000e+00
   0    2    2    3    0.000000000000000000e+00
   0    2    2    4    0.000000000000000000e+00
   0    2    2    5    2.482915761724706783e-03
   0    2    3    0    0.000000000000000000e+00
   0    2    3    1    0.000000000000000000e+00
   0    2    3    2    0.000000000000000000e+00
   0    2    3    3    0.000000000000000000e+00
   0    2    3    4    0.000000000000000000e+00
   0    2    3    5    0.000000000000000000e+00
   0    2    4    0    0.000000000000000000e+00
   0    2    4    1    0.000000000000000000e+00
   0    2    4    2    0.000000000000000000e+00
   0    2    4    3    0.000000000000000000e+00
   0    2    4    4    0.000000000000000000e+00
   0    2    4    5    0.000000000000000000e+00
   0    2    5    0    0.000000000000000000e+00
   0    2    5    1    0.000000000000000000e+00
   0    2    5    2    2.482915761724707217e-03
   0    2    5    3    0.000000000000000000e+00
   0    2    5    4    0.000000000000000000e+00
   0    2    5    5    0.000000000000000000e+00
   0    3    0    0    0.000000000000000000e+00
   0    3    0    1    0.000000000000000000e+00
   0    3    0    2    0.000000000000000000e+00
   0    3    0    3    2.799752843443208475e-02
   0    3    0    4    0.000000000000000000e+00
   0    3    0    5    0.000000000000000000e+00
   0    3    1    0    0.000000000000000000e+00
   0    3    1    1    0.000000000000000000e+00
   0    3    1    2    0.000000000000000000e+00
   0    3    1    3    4.316873713962075809e-02
   0    3    1    4    0.000000000000000000e+00
   0    3    1    5    0.000000000000000000e+00
   0    3    2    0    0.000000000000000000e+00
   0    3    2    1    0.000000000000000000e+00
   0    3    2    2    0.000000000000000000e+00
   0    3    2    3    0.000000000000000000e+00
   0    3    2    4    0.000000000000000000e+00
   0    3    2    5    0.000000000000000000e+00
   0    3    3    0    2.799752843443208475e-02
   0    3    3    1    4.316873713962076503e-02
   0    3    3    2    0.000000000000000000e+00
   0    3    3    3    0.000000000000000000e+00
   0    3    3    4    0.000000000000000000e+00
   0    3    3    5    2.482915761724706783e-03
   0    3    4    0    0.000000000000000000e+00
   0    3    4    1    0.000000000000000000e+00
   0    3    4    2    0.000000000000000000e+00
   0    3    4    3    0.000000000000000000e+00
   0    3    4    4    0.000000000000000000e+00
   0    3    4    5    0.000000000000000000e+00
   0    3    5    0    0.000000000000000000e+00
   0    3    5    1    0.000000000000000000e+00
   0    3    5    2    0.000000000000000000e+00
   0    3    5    3    2.482915761724707217e-03
   0    3    5    4    0.000000000000000000e+00
   0    3    5    5    0.000000000000000000e+00
   0    4    0    0    0.000000000000000000e+00
   0    4    0    1    0.000000000000000000e+00
   0    4    0    2    0.000000000000000000e+00
   0    4    0    3    0.000000000000000000e+00
   0    4    0    4    2.799752843443208475e-02
   0    4    0    5    2.506696589271334734e-04
   0    4    1    0    0.000000000000000000e+00
   0    4    1    1    0.000000000000000000e+00
   0    4    1    2    0.000000000000000000e+00
   0    4    1    3    0.000000000000000000e+00
   0    4    1    4    4.316873713962075809e-02
   0    4    1    5    1.685973490769029047e-03
   0    4    2    0    0.000000000000000000e+00
   0    4    2    1    0.000000000000000000e+00
   0    4    2    2    0.000000000000000000e+00
   0    4    2    3    0.000000000000000000e+00
   0    4    2    4    0.000000000000000000e+00
   0    4    2    5    0.000000000000000000e+00
   0    4    3    0    0.000000000000000000e+00
   0    4    3    1    0.000000000000000000e+00
   0    4    3    2    0.000000000000000000e+00
   0    4    3    3    0.000000000000000000e+00
   0    4    3    4    0.000000000000000000e+00
   0    4    3    5    0.000000000000000000e+00
   0    4    4    0    2.799752843443208475e-02
   0    4    4    1    4.316873713962076503e-02
   0    4    4    2    0.000000000000000000e+00
   0    4    4    3    0.000000000000000000e+00
   0    4    4    4    0.000000000000000000e+00
   0    4    4    5    3.517935238954140141e-03
   0    4    5    0    2.506696589271334191e-04
   0    4    5    1    1.685973490769029047e-03
   0    4    5    2    0.000000000000000000e+00
   0    4    5    3    0.000000000000000000e+00
   0    4    5    4    3.517935238954140575e-03
   0    4    5    5    4.830793661846456005e-03
   0    5    0    0    3.673913164281600308e-02
   0    5    0    1    6.766714085345184107e-03
   0    5    0    2    0.000000000000000000e+00
   0    5    0    3    0.000000000000000000e+00
   0    5    0    4    2.506696589271333649e-04
   0    5    0    5    2.954334945331958629e-04
   0    5    1    0    6.766714085345184107e-03
   0    5    1    1    1.259105547363675859e-02
   0    5    1    2    0.000000000000000000e+00
   0    5    1    3    0.000000000000000000e+00
   0    5    1    4    4.753923419613196579e-04
   0    5    1    5    1.125883605977889227e-03
   0    5    2    0    0.000000000000000000e+00
   0    5    2    1    0.000000000000000000e+00
   0    5    2    2    1.257671674797910741e-02
   0    5    2    3    0.000000000000000000e+00
   0    5    2    4    0.000000000000000000e+00
   0    5    2    5    0.000000000000000000e+00
   0    5    3    0    0.000000000000000000e+00
   0    5    3    1    0.000000000000000000e+00
   0    5    3    2    0.000000000000000000e+00
   0    5    3    3    1.257671674797910741e-02
   0    5    3    4    0.000000000000000000e+00
   0    5    3    5    0.000000000000000000e+00
   0    5    4    0    2.506696589271334191e-04
   0    5    4    1    4.753923419613194411e-04
   0    5    4    2    0.000000000000000000e+00
   0    5    4    3    0.000000000000000000e+00
   0    5    4    4    1.262175245131483964e-02
   0    5    4    5    8.850594609994238537e-04
   0    5    5    0    2.954334945331958629e-04
   0    5    5    1    1.125883605977889010e-03
   0    5    5    2    0.000000000000000000e+00
   0    5    5    3    0.000000000000000000e+00
   0    5    5    4    8.850594609994240705e-04
   0    5    5    5    3.442602765782059628e-03
   1    0    0    0    8.419201558275544173e-01
   1    0    0    1    1.562993054528250825e-01
   1    0    0    2    0.000000000000000000e+00
   1    0    0    3    0.000000000000000000e+00
   1    0    0    4    0.000000000000000000e+00
   1    0    0    5    6.766714085345185842e-03
   1    0    1    0    1.562993054528251102e-01
   1    0    1    1    2.923436834151313390e-01
   1    0    1    2    0.000000000000000000e+00
   1    0    1    3    0.000000000000000000e+00
   1    0    1    4    0.000000000000000000e+00
   1    0    1    5    2.565917331628092546e-02
   1    0    2    0    0.000000000000000000e+00
   1    0    2    1    0.000000000000000000e+00
   1    0    2    2    2.924031393458948469e-01
   1    0    2    3    0.000000000000000000e+00
   1    0    2    4    0.000000000000000000e+00
   1    0    2    5    0.000000000000000000e+00
   1    0    3    0    0.000000000000000000e+00
   1    0    3    1    0.000000000000000000e+00
   1    0    3    2    0.000000000000000000e+00
   1    0    3    3    2.924031393458948469e-01
   1    0    3    4    0.000000000000000000e+00
   1    0    3    5    0.000000000000000000e+00
   1    0    4    0    0.000000000000000000e+00
   1    0    4    1    0.000000000000000000e+00
   1    0    4    2    0.000000000000000000e+00
   1    0    4    3    0.000000000000000000e+00
   1    0    4    4    2.924031393458948469e-01
   1    0    4    5    1.957099208363751591e-02
   1    0    5    0    6.766714085345182372e-03
   1    0    5    1    2.565917331628093240e-02
   1    0    5    2    0.000000000000000000e+00
   1    0    5    3    0.000000000000000000e+00
   1    0    5    4    1.957099208363752632e-02
   1    0    5    5    7.848085921397313092e-02
   1    1    0    0    1.268028360205202487e+00
   1    1    0    1    2.923436834151313390e-01
   1    1    0    2    0.000000000000000000e+00
   1    1    0    3    0.000000000000000000e+00
   1    1    0    4    0.000000000000000000e+00
   1    1    0    5    1.259105547363675512e-02
   1    1    1    0    2.923436834151312835e-01
   1    1    1    1    9.261671399811630678e-01
   1    1    1    2    0.000000000000000000e+00
   1    1    1    3    0.000000000000000000e+00
   1    1    1    4    0.000000000000000000e+00
   1    1    1    5    9.296408240439485438e-02
   1    1    2    0    0.000000000000000000e+00
   1    1    2    1    0.000000000000000000e+00
   1    1    2    2    9.259589345574371633e-01
   1    1    2    3    0.000000000000000000e+00
   1    1    2    4    0.000000000000000000e+00
   1    1    2    5    0.000000000000000000e+00
   1    1    3    0    0.000000000000000000e+00
   1    1    3    1    0.000000000000000000e+00
   1    1    3    2    0.000000000000000000e+00
   1    1    3    3    9.259589345574371633e-01
   1    1    3    4    0.000000000000000000e+00
   1    1    3    5    0.000000000000000000e+00
   1    1    4    0    0.000000000000000000e+00
   1    1    4    1    0.000000000000000000e+00
   1    1    4    2    0.000000000000000000e+00
   1    1    4    3    0.000000000000000000e+00
   1    1    4    4    9.259589345574371633e-01
   1    1    4    5    7.613319187837835900e-02
   1    1    5    0    1.259105547363675512e-02
   1    1    5    1    9.296408240439485438e-02
   1    1    5    2    0.000000000000000000e+00
   1    1    5    3    0.000000000000000000e+00
   1    1    5    4    7.613319187837835900e-02
   1    1    5    5    3.285489504460158972e-01
   1    2    0    0    0.000000000000000000e+00
   1    2    0    1    0.000000000000000000e+00
   1    2    0    2    4.316873713962075809e-02
   1    2    0    3    0.000000000000000000e+00
   1    2    0    4    0.000000000000000000e+00
   1    2    0    5    0.000000000000000000e+00
   1    2    1    0    0.000000000000000000e+00
   1    2    1    1    0.000000000000000000e+00
   1    2    1    2    2.045875062723615245e-01
   1    2    1    3    0.000000000000000000e+00
   1    2    1    4    0.000000000000000000e+00
   1    2    1    5    0.000000000000000000e+00
   1    2    2    0    4.316873713962075809e-02
   1    2    2    1    2.045875062723616078e-01
   1    2    2    2    0.000000000000000000e+00
   1    2    2    3    0.000000000000000000e+00
   1    2    2    4    0.000000000000000000e+00
   1    2    2    5    1.554911629929044831e-02
   1    2    3    0    0.000000000000000000e+00
   1    2    3    1    0.000000000000000000e+00
   1    2    3    2    0.000000000000000000e+00
   1    2    3    3    0.000000000000000000e+00
   1    2    3    4    0.000000000000000000e+00
   1    2    3    5    0.000000000000000000e+00
   1    2    4    0    0.000000000000000000e+00
   1    2    4    1    0.000000000000000000e+00
   1    2    4    2    0.000000000000000000e+00
   1    2    4    3    0.000000000000000000e+00
   1    2    4    4    0.000000000000000000e+00
   1    2    4    5    0.000000000000000000e+00
   1    2    5    0    0.000000000000000000e+00
   1    2    5    1    0.000000000000000000e+00
   1    2    5    2    1.554911629929044657e-02
   1    2    5    3    0.000000000000000000e+00
   1    2    5    4    0.000000000000000000e+00
   1    2    5    5    0.000000000000000000e+00
   1    3    0    0    0.000000000000000000e+00
   1    3    0    1    0.000000000000000000e+00
   1    3    0    2    0.000000000000000000e+00
   1    3    0    3    4.316873713962075809e-02
   1    3    0    4    0.000000000000000000e+00
   1    3    0    5    0.000000000000000000e+00
   1    3    1    0    0.000000000000000000e+00
   1    3    1    1    0.000000000000000000e+00
   1    3    1    2    0.000000000000000000e+00
   1    3    1    3    2.045875062723615245e-01
   1    3    1    4    0.000000000000000000e+00
   1    3    1    5    0.000000000000000000e+00
   1    3    2    0    0.000000000000000000e+00
   1    3    2    1    0.000000000000000000e+00
   1    3    2    2    0.000000000000000000e+00
   1    3    2    3    0.000000000000000000e+00
   1    3    2    4    0.000000000000000000e+00
   1    3    2    5    0.000000000000000000e+00
   1    3    3    0    4.316873713962075809e-02
   1    3    3    1    2.045875062723616078e-01
   1    3    3    2    0.000000000000000000e+00
   1    3    3    3    0.000000000000000000e+00
   1    3    3    4    0.000000000000000000e+00
   1    3    3    5    1.554911629929044831e-02
   1    3    4    0    0.000000000000000000e+00
   1    3    4    1    0.000000000000000000e+00
   1    3    4    2    0.000000000000000000e+00
   1    3    4    3    0.000000000000000000e+00
   1    3    4    4    0.000000000000000000e+00
   1    3    4    5    0.000000000000000000e+00
   1    3    5    0    0.000000000000000000e+00
   1    3    5    1    0.000000000000000000e+00
   1    3    5    2    0.000000000000000000e+00
   1    3    5    3    1.554911629929044657e-02
   1    3    5    4    0.000000000000000000e+00
   1    3    5    5    0.000000000000000000e+00
   1    4    0    0    0.000000000000000000e+00
   1    4    0    1    0.000000000000000000e+00
   1    4    0    2    0.000000000000000000e+00
   1    4    0    3    0.000000000000000000e+00
   1    4    0    4    4.316873713962075809e-02
   1    4    0    5    4.753923419613194953e-04
   1    4    1    0    0.000000000000000000e+00
   1    4    1    1    0.000000000000000000e+00
   1    4    1    2    0.000000000000000000e+00
   1    4    1    3    0.000000000000000000e+00
   1    4    1    4    2.045875062723615245e-01
   1    4    1    5    1.430638208104433907e-02
   1    4    2    0    0.000000000000000000e+00
   1    4    2    1    0.000000000000000000e+00
   1    4    2    2    0.000000000000000000e+00
   1    4    2    3    0.000000000000000000e+00
   1    4    2    4    0.000000000000000000e+00
   1    4    2    5    0.000000000000000000e+00
   1    4    3    0    0.000000000000000000e+00
   1    4    3    1    0.000000000000000000e+00
   1    4    3    2    0.000000000000000000e+00
   1    4    3    3    0.000000000000000000e+00
   1    4    3    4    0.000000000000000000e+00
   1    4    3    5    0.000000000000000000e+00
   1    4    4    0    4.316873713962075809e-02
   1    4    4    1    2.045875062723616078e-01
   1    4    4    2    0.000000000000000000e+00
   1    4    4    3    0.000000000000000000e+00
   1    4    4    4    0.000000000000000000e+00
   1    4    4    5    2.586336151493064117e-02
   1    4    5    0    4.753923419613193869e-04
   1    4    5    1    1.430638208104433907e-02
   1    4    5    2    0.000000000000000000e+00
   1    4    5    3    0.000000000000000000e+00
   1    4    5    4    2.586336151493064117e-02
   1    4    5    5    5.915882384852159254e-02
   1    5    0    0    1.095148025190105512e-01
   1    5    0    1    2.565917331628093240e-02
   1    5    0    2    0.000000000000000000e+00
   1    5    0    3    0.000000000000000000e+00
   1    5    0    4    1.685973490769028830e-03
   1    5    0    5    1.125883605977889227e-03
   1    5    1    0    2.565917331628092546e-02
   1    5    1    1    9.296408240439485438e-02
   1    5    1    2    0.000000000000000000e+00
   1    5    1    3    0.000000000000000000e+00
   1    5    1    4    1.430638208104433907e-02
   1    5    1    5    1.242613021041349269e-02
   1    5    2    0    0.000000000000000000e+00
   1    5    2    1    0.000000000000000000e+00
   1    5    2    2    9.164552292879124540e-02
   1    5    2    3    0.000000000000000000e+00
   1    5    2    4    0.000000000000000000e+00
   1    5    2    5    0.000000000000000000e+00
   1    5    3    0    0.000000000000000000e+00
   1    5    3    1    0.000000000000000000e+00
   1    5    3    2    0.000000000000000000e+00
   1    5    3    3    9.164552292879124540e-02
   1    5    3    4    0.000000000000000000e+00
   1    5    3    5    0.000000000000000000e+00
   1    5    4    0    1.685973490769028613e-03
   1    5    4    1    1.430638208104433907e-02
   1    5    4    2    0.000000000000000000e+00
   1    5    4    3    0.000000000000000000e+00
   1    5    4    4    9.550772298150640716e-02
   1    5    4    5    1.256695006652818435e-02
   1    5    5    0    1.125883605977888793e-03
   1    5    5    1    1.242613021041349269e-02
   1    5    5    2    0.000000000000000000e+00
   1    5    5    3    0.000000000000000000e+00
   1    5    5    4    1.256695006652818608e-02
   1    5    5    5    6.172352261771137799e-02
   2    0    0    0    0.000000000000000000e+00
   2    0    0    1    0.000000000000000000e+00
   2    0    0    2    2.799752843443208475e-02
   2    0    0    3    0.000000000000000000e+00
   2    0    0    4    0.000000000000000000e+00
   2    0    0    5    0.000000000000000000e+00
   2    0    1    0    0.000000000000000000e+00
   2    0    1    1    0.000000000000000000e+00
   2    0    1    2    4.316873713962075115e-02
   2    0    1    3    0.000000000000000000e+00
   2    0    1    4    0.000000000000000000e+00
   2    0    1    5    0.000000000000000000e+00
   2    0    2    0    2.799752843443208822e-02
   2    0    2    1    4.316873713962076503e-02
   2    0    2    2    0.000000000000000000e+00
   2    0    2    3    0.000000000000000000e+00
   2    0    2    4    0.000000000000000000e+00
   2    0    2    5    2.482915761724706783e-03
   2    0    3    0    0.000000000000000000e+00
   2    0    3    1    0.000000000000000000e+00
   2    0    3    2    0.000000000000000000e+00
   2    0    3    3    0.000000000000000000e+00
   2    0    3    4    0.000000000000000000e+00
   2    0    3    5    0.000000000000000000e+00
   2    0    4    0    0.000000000000000000e+00
   2    0    4    1    0.000000000000000000e+00
   2    0    4    2    0.000000000000000000e+00
   2    0    4    3    0.000000000000000000e+00
   2    0    4    4    0.000000000000000000e+00
   2    0    4    5    0.000000000000000000e+00
   2    0    5    0    0.000000000000000000e+00
   2    0    5    1    0.000000000000000000e+00
   2    0    5    2    2.482915761724707217e-03
   2    0    5    3    0.000000000000000000e+00
   2    0    5    4    0.000000000000000000e+00
   2    0    5    5    0.000000000000000000e+00
   2    1    0    0    0.000000000000000000e+00
   2    1    0    1    0.000000000000000000e+00
   2    1    0    2    4.316873713962076503e-02
   2    1    0    3    0.000000000000000000e+00
   2    1    0    4    0.000000000000000000e+00
   2    1    0    5    0.000000000000000000e+00
   2    1    1    0    0.000000000000000000e+00
   2    1    1    1    0.000000000000000000e+00
   2    1    1    2    2.045875062723615245e-01
   2    1    1    3    0.000000000000000000e+00
   2    1    1    4    0.000000000000000000e+00
   2    1    1    5    0.000000000000000000e+00
   2    1    2    0    4.316873713962076503e-02
   2    1    2    1    2.045875062723616078e-01
   2    1    2    2    0.000000000000000000e+00
   2    1    2    3    0.000000000000000000e+00
   2    1    2    4    0.000000000000000000e+00
   2    1    2    5    1.554911629929044831e-02
   2    1    3    0    0.000000000000000000e+00
   2    1    3    1    0.000000000000000000e+00
   2    1    3    2    0.000000000000000000e+00
   2    1    3    3    0.000000000000000000e+00
   2    1    3    4    0.000000000000000000e+00
   2    1    3    5    0.000000000000000000e+00
   2    1    4    0    0.000000000000000000e+00
   2    1    4    1    0.000000000000000000e+00
   2    1    4    2    0.000000000000000000e+00
   2    1    4    3    0.000000000000000000e+00
   2    1    4    4    0.000000000000000000e+00
   2    1    4    5    0.000000000000000000e+00
   2    1    5    0    0.000000000000000000e+00
   2    1    5    1    0.000000000000000000e+00
   2    1    5    2    1.554911629929044831e-02
   2    1    5    3    0.000000000000000000e+00
   2    1    5    4    0.000000000000000000e+00
   2    1    5    5    0.000000000000000000e+00
   2    2    0    0    1.264502477744242182e+00
   2    2    0    1    2.924031393458948469e-01
   2    2    0    2    0.000000000000000000e+00
   2    2    0    3    0.000000000000000000e+00
   2    2    0    4    0.000000000000000000e+00
   2    2    0    5    1.257671674797910741e-02
   2    2    1    0    2.924031393458949024e-01
   2    2    1    1    9.259589345574371633e-01
   2    2    1    2    0.000000000000000000e+00
   2    2    1    3    0.000000000000000000e+00
   2    2    1    4    0.000000000000000000e+00
   2    2    1    5    9.164552292879127315e-02
   2    2    2    0    0.000000000000000000e+00
   2    2    2    1    0.000000000000000000e+00
   2    2    2    2    9.975136259296557562e-01
   2    2    2    3    0.000000000000000000e+00
   2    2    2    4    0.000000000000000000e+00
   2    2    2    5    0.000000000000000000e+00
   2    2    3    0    0.000000000000000000e+00
   2    2    3    1    0.000000000000000000e+00
   2    2    3    2    0.000000000000000000e+00
   2    2    3    3    8.899728857331786758e-01
   2    2    3    4    0.000000000000000000e+00
   2    2    3    5    0.000000000000000000e+00
   2    2    4    0    0.000000000000000000e+00
   2    2    4    1    0.000000000000000000e+00
   2    2    4    2    0.000000000000000000e+00
   2    2    4    3    0.000000000000000000e+00
   2    2    4    4    8.899728857331786758e-01
   2    2    4    5    7.320777760557679870e-02
   2    2    5    0    1.257671674797910567e-02
   2    2    5    1    9.164552292879128703e-02
   2    2    5    2    0.000000000000000000e+00
   2    2    5    3    0.000000000000000000e+00
   2    2    5    4    7.320777760557681257e-02
   2    2    5    5    3.211528656436147822e-01
   2    3    0    0    0.000000000000000000e+00
   2    3    0    1    0.000000000000000000e+00
   2    3    0    2    0.000000000000000000e+00
   2    3    0    3    0.000000000000000000e+00
   2    3    0    4    0.000000000000000000e+00
   2    3    0    5    0.000000000000000000e+00
   2    3    1    0    0.000000000000000000e+00
   2    3    1    1    0.000000000000000000e+00
   2    3    1    2    0.000000000000000000e+00
   2    3    1    3    0.000000000000000000e+00
   2    3    1    4    0.000000000000000000e+00
   2    3    1    5    0.000000000000000000e+00
   2    3    2    0    0.000000000000000000e+00
   2    3    2    1    0.000000000000000000e+00
   2    3    2    2    0.000000000000000000e+00
   2    3    2    3    5.377037009823801977e-02
   2    3    2    4    0.000000000000000000e+00
   2    3    2    5    0.000000000000000000e+00
   2    3    3    0    0.000000000000000000e+00
   2    3    3    1    0.000000000000000000e+00
   2    3    3    2    5.377037009823801977e-02
   2    3    3    3    0.000000000000000000e+00
   2    3    3    4    0.000000000000000000e+00
   2    3    3    5    0.000000000000000000e+00
   2    3    4    0    0.000000000000000000e+00
   2    3    4    1    0.000000000000000000e+00
   2    3    4    2    0.000000000000000000e+00
   2    3    4    3    0.000000000000000000e+00
   2    3    4    4    0.000000000000000000e+00
   2    3    4    5    0.000000000000000000e+00
   2    3    5    0    0.000000000000000000e+00
   2    3    5    1    0.000000000000000000e+00
   2    3    5    2    0.000000000000000000e+00
   2    3    5    3    0.000000000000000000e+00
   2    3    5    4    0.000000000000000000e+00
   2    3    5    5    0.000000000000000000e+00
   2    4    0    0    0.000000000000000000e+00
   2    4    0    1    0.000000000000000000e+00
   2    4    0    2    0.000000000000000000e+00
   2    4    0    3    0.000000000000000000e+00
   2    4    0    4    0.000000000000000000e+00
   2    4    0    5    0.000000000000000000e+00
   2    4    1    0    0.000000000000000000e+00
   2    4    1    1    0.000000000000000000e+00
   2    4    1    2    0.000000000000000000e+00
   2    4    1    3    0.000000000000000000e+00
   2    4    1    4    0.000000000000000000e+00
   2    4    1    5    0.000000000000000000e+00
   2    4    2    0    0.000000000000000000e+00
   2    4    2    1    0.000000000000000000e+00
   2    4    2    2    0.000000000000000000e+00
   2    4    2    3    0.000000000000000000e+00
   2    4    2    4    5.377037009823801977e-02
   2    4    2    5    2.899359494590470800e-03
   2    4    3    0    0.000000000000000000e+00
   2    4    3    1    0.000000000000000000e+00
   2    4    3    2    0.000000000000000000e+00
   2    4    3    3    0.000000000000000000e+00
   2    4    3    4    0.000000000000000000e+00
   2    4    3    5    0.000000000000000000e+00
   2    4    4    0    0.000000000000000000e+00
   2    4    4    1    0.000000000000000000e+00
   2    4    4    2    5.377037009823801977e-02
   2    4    4    3    0.000000000000000000e+00
   2    4    4    4    0.000000000000000000e+00
   2    4    4    5    0.000000000000000000e+00
   2    4    5    0    0.000000000000000000e+00
   2    4    5    1    0.000000000000000000e+00
   2    4    5    2    2.899359494590470800e-03
   2    4    5    3    0.000000000000000000e+00
   2    4    5    4    0.000000000000000000e+00
   2    4    5    5    0.000000000000000000e+00
   2    5    0    0    0.000000000000000000e+00
   2    5    0    1    0.000000000000000000e+00
   2    5    0    2    2.482915761724708084e-03
   2    5    0    3    0.000000000000000000e+00
   2    5    0    4    0.000000000000000000e+00
   2    5    0    5    0.000000000000000000e+00
   2    5    1    0    0.000000000000000000e+00
   2    5    1    1    0.000000000000000000e+00
   2    5    1    2    1.554911629929044657e-02
   2    5    1    3    0.000000000000000000e+00
   2    5    1    4    0.000000000000000000e+00
   2    5    1    5    0.000000000000000000e+00
   2    5    2    0    2.482915761724707217e-03
   2    5    2    1    1.554911629929044831e-02
   2    5    2    2    0.000000000000000000e+00
   2    5    2    3    0.000000000000000000e+00
   2    5    2    4    2.899359494590470800e-03
   2    5    2    5    1.732775420012299013e-03
   2    5    3    0    0.000000000000000000e+00
   2    5    3    1    0.000000000000000000e+00
   2    5    3    2    0.000000000000000000e+00
   2    5    3    3    0.000000000000000000e+00
   2    5    3    4    0.000000000000000000e+00
   2    5    3    5    0.000000000000000000e+00
   2    5    4    0    0.000000000000000000e+00
   2    5    4    1    0.000000000000000000e+00
   2    5    4    2    2.899359494590470800e-03
   2    5    4    3    0.000000000000000000e+00
   2    5    4    4    0.000000000000000000e+00
   2    5    4    5    0.000000000000000000e+00
   2    5    5    0    0.000000000000000000e+00
   2    5    5    1    0.000000000000000000e+00
   2    5    5    2    1.732775420012298796e-03
   2    5    5    3    0.000000000000000000e+00
   2    5    5    4    0.000000000000000000e+00
   2    5    5    5    0.000000000000000000e+00
   3    0    0    0    0.000000000000000000e+00
   3    0    0    1    0.000000000000000000e+00
   3    0    0    2    0.000000000000000000e+00
   3    0    0    3    2.799752843443208475e-02
   3    0    0    4    0.000000000000000000e+00
   3    0    0    5    0.000000000000000000e+00
   3    0    1    0    0.000000000000000000e+00
   3    0    1    1    0.000000000000000000e+00
   3    0    1    2    0.000000000000000000e+00
   3    0    1    3    4.316873713962075115e-02
   3    0    1    4    0.000000000000000000e+00
   3    0    1    5    0.000000000000000000e+00
   3    0    2    0    0.000000000000000000e+00
   3    0    2    1    0.000000000000000000e+00
   3    0    2    2    0.000000000000000000e+00
   3    0    2    3    0.000000000000000000e+00
   3    0    2    4    0.000000000000000000e+00
   3    0    2    5    0.000000000000000000e+00
   3    0    3    0    2.799752843443208822e-02
   3    0    3    1    4.316873713962076503e-02
   3    0    3    2    0.000000000000000000e+00
   3    0    3    3    0.000000000000000000e+00
   3    0    3    4    0.000000000000000000e+00
   3    0    3    5    2.482915761724706783e-03
   3    0    4    0    0.000000000000000000e+00
   3    0    4    1    0.000000000000000000e+00
   3    0    4    2    0.000000000000000000e+00
   3    0    4    3    0.000000000000000000e+00
   3    0    4    4    0.000000000000000000e+00
   3    0    4    5    0.000000000000000000e+00
   3    0    5    0    0.000000000000000000e+00
   3    0    5    1    0.000000000000000000e+00
   3    0    5    2    0.000000000000000000e+00
   3    0    5    3    2.482915761724707217e-03
   3    0    5    4    0.000000000000000000e+00
   3    0    5    5    0.000000000000000000e+00
   3    1    0    0    0.000000000000000000e+00
   3    1    0    1    0.000000000000000000e+00
   3    1    0    2    0.000000000000000000e+00
   3    1    0    3    4.316873713962076503e-02
   3    1    0    4    0.000000000000000000e+00
   3    1    0    5    0.000000000000000000e+00
   3    1    1    0    0.000000000000000000e+00
   3    1    1    1    0.000000000000000000e+00
   3    1    1    2    0.000000000000000000e+00
   3    1    1    3    2.045875062723615245e-01
   3    1    1    4    0.000000000000000000e+00
   3    1    1    5    0.000000000000000000e+00
   3    1    2    0    0.000000000000000000e+00
   3    1    2    1    0.000000000000000000e+00
   3    1    2    2    0.000000000000000000e+00
   3    1    2    3    0.000000000000000000e+00
   3    1    2    4    0.000000000000000000e+00
   3    1    2    5    0.000000000000000000e+00
   3    1    3    0    4.316873713962076503e-02
   3    1    3    1    2.045875062723616078e-01
   3    1    3    2    0.000000000000000000e+00
   3    1    3    3    0.000000000000000000e+00
   3    1    3    4    0.000000000000000000e+00
   3    1    3    5    1.554911629929044831e-02
   3    1    4    0    0.000000000000000000e+00
   3    1    4    1    0.000000000000000000e+00
   3    1    4    2    0.000000000000000000e+00
   3    1    4    3    0.000000000000000000e+00
   3    1    4    4    0.000000000000000000e+00
   3    1    4    5    0.000000000000000000e+00
   3    1    5    0    0.000000000000000000e+00
   3    1    5    1    0.000000000000000000e+00
   3    1    5    2    0.000000000000000000e+00
   3    1    5    3    1.554911629929044831e-02
   3    1    5    4    0.000000000000000000e+00
   3    1    5    5    0.000000000000000000e+00
   3    2    0    0    0.000000000000000000e+00
   3    2    0    1    0.000000000000000000e+00
   3    2    0    2    0.000000000000000000e+00
   3    2    0    3    0.000000000000000000e+00
   3    2    0    4    0.000000000000000000e+00
   3    2    0    5    0.000000000000000000e+00
   3    2    1    0    0.000000000000000000e+00
   3    2    1    1    0.000000000000000000e+00
   3    2    1    2    0.000000000000000000e+00
   3    2    1    3    0.000000000000000000e+00
   3    2    1    4    0.000000000000000000e+00
   3    2    1    5    0.000000000000000000e+00
   3    2    2    0    0.000000000000000000e+00
   3    2    2    1    0.000000000000000000e+00
   3    2    2    2    0.000000000000000000e+00
   3    2    2    3    5.377037009823801977e-02
   3    2    2    4    0.000000000000000000e+00
   3    2    2    5    0.000000000000000000e+00
   3    2    3    0    0.000000000000000000e+00
   3    2    3    1    0.000000000000000000e+00
   3    2    3    2    5.377037009823801977e-02
   3    2    3    3    0.000000000000000000e+00
   3    2    3    4    0.000000000000000000e+00
   3    2    3    5    0.000000000000000000e+00
   3    2    4    0    0.000000000000000000e+00
   3    2    4    1    0.000000000000000000e+00
   3    2    4    2    0.000000000000000000e+00
   3    2    4    3    0.000000000000000000e+00
   3    2    4    4    0.000000000000000000e+00
   3    2    4    5    0.000000000000000000e+00
   3    2    5    0    0.000000000000000000e+00
   3    2    5    1    0.000000000000000000e+00
   3    2    5    2    0.000000000000000000e+00
   3    2    5    3    0.000000000000000000e+00
   3    2    5    4    0.000000000000000000e+00
   3    2    5    5    0.000000000000000000e+00
   3    3    0    0    1.264502477744242182e+00
   3    3    0    1    2.924031393458948469e-01
   3    3    0    2    0.000000000000000000e+00
   3    3    0    3    0.000000000000000000e+00
   3    3    0    4    0.000000000000000000e+00
   3    3    0    5    1.257671674797910741e-02
   3    3    1    0    2.924031393458949024e-01
   3    3    1    1    9.259589345574371633e-01
   3    3    1    2    0.000000000000000000e+00
   3    3    1    3    0.000000000000000000e+00
   3    3    1    4    0.000000000000000000e+00
   3    3    1    5    9.164552292879127315e-02
   3    3    2    0    0.000000000000000000e+00
   3    3    2    1    0.000000000000000000e+00
   3    3    2    2    8.899728857331786758e-01
   3    3    2    3    0.000000000000000000e+00
   3    3    2    4    0.000000000000000000e+00
   3    3    2    5    0.000000000000000000e+00
   3    3    3    0    0.000000000000000000e+00
   3    3    3    1    0.000000000000000000e+00
   3    3    3    2    0.000000000000000000e+00
   3    3    3    3    9.975136259296557562e-01
   3    3    3    4    0.000000000000000000e+00
   3    3    3    5    0.000000000000000000e+00
   3    3    4    0    0.000000000000000000e+00
   3    3    4    1    0.000000000000000000e+00
   3    3    4    2    0.000000000000000000e+00
   3    3    4    3    0.000000000000000000e+00
   3    3    4    4    8.899728857331786758e-01
   3    3    4    5    7.320777760557679870e-02
   3    3    5    0    1.257671674797910567e-02
   3    3    5    1    9.164552292879128703e-02
   3    3    5    2    0.000000000000000000e+00
   3    3    5    3    0.000000000000000000e+00
   3    3    5    4    7.320777760557681257e-02
   3    3    5    5    3.211528656436147822e-01
   3    4    0    0    0.000000000000000000e+00
   3    4    0    1    0.000000000000000000e+00
   3    4    0    2    0.000000000000000000e+00
   3    4    0    3    0.000000000000000000e+00
   3    4    0    4    0.000000000000000000e+00
   3    4    0    5    0.000000000000000000e+00
   3    4    1    0    0.000000000000000000e+00
   3    4    1    1    0.000000000000000000e+00
   3    4    1    2    0.000000000000000000e+00
   3    4    1    3    0.000000000000000000e+00
   3    4    1    4    0.000000000000000000e+00
   3    4    1    5    0.000000000000000000e+00
   3    4    2    0    0.000000000000000000e+00
   3    4    2    1    0.000000000000000000e+00
   3    4    2    2    0.000000000000000000e+00
   3    4    2    3    0.000000000000000000e+00
   3    4    2    4    0.000000000000000000e+00
   3    4    2    5    0.000000000000000000e+00
   3    4    3    0    0.000000000000000000e+00
   3    4    3    1    0.000000000000000000e+00
   3    4    3    2    0.000000000000000000e+00
   3    4    3    3    0.000000000000000000e+00
   3    4    3    4    5.377037009823801977e-02
   3    4    3    5    2.899359494590470800e-03
   3    4    4    0    0.000000000000000000e+00
   3    4    4    1    0.000000000000000000e+00
   3    4    4    2    0.000000000000000000e+00
   3    4    4    3    5.377037009823801977e-02
   3    4    4    4    0.000000000000000000e+00
   3    4    4    5    0.000000000000000000e+00
   3    4    5    0    0.000000000000000000e+00
   3    4    5    1    0.000000000000000000e+00
   3    4    5    2    0.000000000000000000e+00
   3    4    5    3    2.899359494590470800e-03
   3    4    5    4    0.000000000000000000e+00
   3    4    5    5    0.000000000000000000e+00
   3    5    0    0    0.000000000000000000e+00
   3    5    0    1    0.000000000000000000e+00
   3    5    0    2    0.000000000000000000e+00
   3    5    0    3    2.482915761724708084e-03
   3    5    0    4    0.000000000000000000e+00
   3    5    0    5    0.000000000000000000e+00
   3    5    1    0    0.000000000000000000e+00
   3    5    1    1    0.000000000000000000e+00
   3    5    1    2    0.000000000000000000e+00
   3    5    1    3    1.554911629929044657e-02
   3    5    1    4    0.000000000000000000e+00
   3    5    1    5    0.000000000000000000e+00
   3    5    2    0    0.000000000000000000e+00
   3    5    2    1    0.000000000000000000e+00
   3    5    2    2    0.000000000000000000e+00
   3    5    2    3    0.000000000000000000e+00
   3    5    2    4    0.000000000000000000e+00
   3    5    2    5    0.000000000000000000e+00
   3    5    3    0    2.482915761724707217e-03
   3    5    3    1    1.554911629929044831e-02
   3    5    3    2    0.000000000000000000e+00
   3    5    3    3    0.000000000000000000e+00
   3    5    3    4    2.899359494590470800e-03
   3    5    3    5    1.732775420012299013e-03
   3    5    4    0    0.000000000000000000e+00
   3    5    4    1    0.000000000000000000e+00
   3    5    4    2    0.000000000000000000e+00
   3    5    4    3    2.899359494590470800e-03
   3    5    4    4    0.000000000000000000e+00
   3    5    4    5    0.000000000000000000e+00
   3    5    5    0    0.000000000000000000e+00
   3    5    5    1    0.000000000000000000e+00
   3    5    5    2    0.000000000000000000e+00
   3    5    5    3    1.732775420012298796e-03
   3    5    5    4    0.000000000000000000e+00
   3    5    5    5    0.000000000000000000e+00
   4    0    0    0    0.000000000000000000e+00
   4    0    0    1    0.000000000000000000e+00
   4    0    0    2    0.000000000000000000e+00
   4    0    0    3    0.000000000000000000e+00
   4    0    0    4    2.799752843443208475e-02
   4    0    0    5    2.506696589271334734e-04
   4    0    1    0    0.000000000000000000e+00
   4    0    1    1    0.000000000000000000e+00
   4    0    1    2    0.000000000000000000e+00
   4    0    1    3    0.000000000000000000e+00
   4    0    1    4    4.316873713962075115e-02
   4    0    1    5    1.685973490769028830e-03
   4    0    2    0    0.000000000000000000e+00
   4    0    2    1    0.000000000000000000e+00
   4    0    2    2    0.000000000000000000e+00
   4    0    2    3    0.000000000000000000e+00
   4    0    2    4    0.000000000000000000e+00
   4    0    2    5    0.000000000000000000e+00
   4    0    3    0    0.000000000000000000e+00
   4    0    3    1    0.000000000000000000e+00
   4    0    3    2    0.000000000000000000e+00
   4    0    3    3    0.000000000000000000e+00
   4    0    3    4    0.000000000000000000e+00
   4    0    3    5    0.000000000000000000e+00
   4    0    4    0    2.799752843443208822e-02
   4    0    4    1    4.316873713962076503e-02
   4    0    4    2    0.000000000000000000e+00
   4    0    4    3    0.000000000000000000e+00
   4    0    4    4    0.000000000000000000e+00
   4    0    4    5    3.517935238954140575e-03
   4    0    5    0    2.506696589271334191e-04
   4    0    5    1    1.685973490769028830e-03
   4    0    5    2    0.000000000000000000e+00
   4    0    5    3    0.000000000000000000e+00
   4    0    5    4    3.517935238954140575e-03
   4    0    5    5    4.830793661846455138e-03
   4    1    0    0    0.000000000000000000e+00
   4    1    0    1    0.000000000000000000e+00
   4    1    0    2    0.000000000000000000e+00
   4    1    0    3    0.000000000000000000e+00
   4    1    0    4    4.316873713962076503e-02
   4    1    0    5    4.753923419613194411e-04
   4    1    1    0    0.000000000000000000e+00
   4    1    1    1    0.000000000000000000e+00
   4    1    1    2    0.000000000000000000e+00
   4    1    1    3    0.000000000000000000e+00
   4    1    1    4    2.045875062723615245e-01
   4    1    1    5    1.430638208104433907e-02
   4    1    2    0    0.000000000000000000e+00
   4    1    2    1    0.000000000000000000e+00
   4    1    2    2    0.000000000000000000e+00
   4    1    2    3    0.000000000000000000e+00
   4    1    2    4    0.000000000000000000e+00
   4    1    2    5    0.000000000000000000e+00
   4    1    3    0    0.000000000000000000e+00
   4    1    3    1    0.000000000000000000e+00
   4    1    3    2    0.000000000000000000e+00
   4    1    3    3    0.000000000000000000e+00
   4    1    3    4    0.000000000000000000e+00
   4    1    3    5    0.000000000000000000e+00
   4    1    4    0    4.316873713962076503e-02
   4    1    4    1    2.045875062723616078e-01
   4    1    4    2    0.000000000000000000e+00
   4    1    4    3    0.000000000000000000e+00
   4    1    4    4    0.000000000000000000e+00
   4    1    4    5    2.586336151493063770e-02
   4    1    5    0    4.753923419613193327e-04
   4    1    5    1    1.430638208104433734e-02
   4    1    5    2    0.000000000000000000e+00
   4    1    5    3    0.000000000000000000e+00
   4    1    5    4    2.586336151493063423e-02
   4    1    5    5    5.915882384852158560e-02
   4    2    0    0    0.000000000000000000e+00
   4    2    0    1    0.000000000000000000e+00
   4    2    0    2    0.000000000000000000e+00
   4    2    0    3    0.000000000000000000e+00
   4    2    0    4    0.000000000000000000e+00
   4    2    0    5    0.000000000000000000e+00
   4    2    1    0    0.000000000000000000e+00
   4    2    1    1    0.000000000000000000e+00
   4    2    1    2    0.000000000000000000e+00
   4    2    1    3    0.000000000000000000e+00
   4    2    1    4    0.000000000000000000e+00
   4    2    1    5    0.000000000000000000e+00
   4    2    2    0    0.000000000000000000e+00
   4    2    2    1    0.000000000000000000e+00
   4    2    2    2    0.000000000000000000e+00
   4    2    2    3    0.000000000000000000e+00
   4    2    2    4    5.377037009823801977e-02
   4    2    2    5    2.899359494590470800e-03
   4    2    3    0    0.000000000000000000e+00
   4    2    3    1    0.000000000000000000e+00
   4    2    3    2    0.000000000000000000e+00
   4    2    3    3    0.000000000000000000e+00
   4    2    3    4    0.000000000000000000e+00
   4    2    3    5    0.000000000000000000e+00
   4    2    4    0    0.000000000000000000e+00
   4    2    4    1    0.000000000000000000e+00
   4    2    4    2    5.377037009823801977e-02
   4    2    4    3    0.000000000000000000e+00
   4    2    4    4    0.000000000000000000e+00
   4    2    4    5    0.000000000000000000e+00
   4    2    5    0    0.000000000000000000e+00
   4    2    5    1    0.000000000000000000e+00
   4    2    5    2    2.899359494590470800e-03
   4    2    5    3    0.000000000000000000e+00
   4    2    5    4    0.000000000000000000e+00
   4    2    5    5    0.000000000000000000e+00
   4    3    0    0    0.000000000000000000e+00
   4    3    0    1    0.000000000000000000e+00
   4    3    0    2    0.000000000000000000e+00
   4    3    0    3    0.000000000000000000e+00
   4    3    0    4    0.000000000000000000e+00
   4    3    0    5    0.000000000000000000e+00
   4    3    1    0    0.000000000000000000e+00
   4    3    1    1    0.000000000000000000e+00
   4    3    1    2    0.000000000000000000e+00
   4    3    1    3    0.000000000000000000e+00
   4    3    1    4    0.000000000000000000e+00
   4    3    1    5    0.000000000000000000e+00
   4    3    2    0    0.000000000000000000e+00
   4    3    2    1    0.000000000000000000e+00
   4    3    2    2    0.000000000000000000e+00
   4    3    2    3    0.000000000000000000e+00
   4    3    2    4    0.000000000000000000e+00
   4    3    2    5    0.000000000000000000e+00
   4    3    3    0    0.000000000000000000e+00
   4    3    3    1    0.000000000000000000e+00
   4    3    3    2    0.000000000000000000e+00
   4    3    3    3    0.000000000000000000e+00
   4    3    3    4    5.377037009823801977e-02
   4    3    3    5    2.899359494590470800e-03
   4    3    4    0    0.000000000000000000e+00
   4    3    4    1    0.000000000000000000e+00
   4    3    4    2    0.000000000000000000e+00
   4    3    4    3    5.377037009823801977e-02
   4    3    4    4    0.000000000000000000e+00
   4    3    4    5    0.000000000000000000e+00
   4    3    5    0    0.000000000000000000e+00
   4    3    5    1    0.000000000000000000e+00
   4    3    5    2    0.000000000000000000e+00
   4    3    5    3    2.899359494590470800e-03
   4    3    5    4    0.000000000000000000e+00
   4    3    5    5    0.000000000000000000e+00
   4    4    0    0    1.264502477744242182e+00
   4    4    0    1    2.924031393458948469e-01
   4    4    0    2    0.000000000000000000e+00
   4    4    0    3    0.000000000000000000e+00
   4    4    0    4    0.000000000000000000e+00
   4    4    0    5    1.262175245131484658e-02
   4    4    1    0    2.924031393458949024e-01
   4    4    1    1    9.259589345574371633e-01
   4    4    1    2    0.000000000000000000e+00
   4    4    1    3    0.000000000000000000e+00
   4    4    1    4    0.000000000000000000e+00
   4    4    1    5    9.550772298150644879e-02
   4    4    2    0    0.000000000000000000e+00
   4    4    2    1    0.000000000000000000e+00
   4    4    2    2    8.899728857331786758e-01
   4    4    2    3    0.000000000000000000e+00
   4    4    2    4    0.000000000000000000e+00
   4    4    2    5    0.000000000000000000e+00
   4    4    3    0    0.000000000000000000e+00
   4    4    3    1    0.000000000000000000e+00
   4    4    3    2    0.000000000000000000e+00
   4    4    3    3    8.899728857331786758e-01
   4    4    3    4    0.000000000000000000e+00
   4    4    3    5    0.000000000000000000e+00
   4    4    4    0    0.000000000000000000e+00
   4    4    4    1    0.000000000000000000e+00
   4    4    4    2    0.000000000000000000e+00
   4    4    4    3    0.000000000000000000e+00
   4    4    4    4    9.975136259296557562e-01
   4    4    4    5    8.189903186106746447e-02
   4    4    5    0    1.262175245131483964e-02
   4    4    5    1    9.550772298150644879e-02
   4    4    5    2    0.000000000000000000e+00
   4    4    5    3    0.000000000000000000e+00
   4    4    5    4    8.189903186106747834e-02
   4    4    5    5    3.432290543097280544e-01
   4    5    0    0    8.255710346490320595e-02
   4    5    0    1    1.957099208363751591e-02
   4    5    0    2    0.000000000000000000e+00
   4    5    0    3    0.000000000000000000e+00
   4    5    0    4    3.517935238954141876e-03
   4    5    0    5    8.850594609994240705e-04
   4    5    1    0    1.957099208363751591e-02
   4    5    1    1    7.613319187837834512e-02
   4    5    1    2    0.000000000000000000e+00
   4    5    1    3    0.000000000000000000e+00
   4    5    1    4    2.586336151493063770e-02
   4    5    1    5    1.256695006652818435e-02
   4    5    2    0    0.000000000000000000e+00
   4    5    2    1    0.000000000000000000e+00
   4    5    2    2    7.320777760557678482e-02
   4    5    2    3    0.000000000000000000e+00
   4    5    2    4    0.000000000000000000e+00
   4    5    2    5    0.000000000000000000e+00
   4    5    3    0    0.000000000000000000e+00
   4    5    3    1    0.000000000000000000e+00
   4    5    3    2    0.000000000000000000e+00
   4    5    3    3    7.320777760557678482e-02
   4    5    3    4    0.000000000000000000e+00
   4    5    3    5    0.000000000000000000e+00
   4    5    4    0    3.517935238954141442e-03
   4    5    4    1    2.586336151493064464e-02
   4    5    4    2    0.000000000000000000e+00
   4    5    4    3    0.000000000000000000e+00
   4    5    4    4    8.189903186106742283e-02
   4    5    4    5    1.436052248491249961e-02
   4    5    5    0    8.850594609994237453e-04
   4    5    5    1    1.256695006652818435e-02
   4    5    5    2    0.000000000000000000e+00
   4    5    5    3    0.000000000000000000e+00
   4    5    5    4    1.436052248491249961e-02
   4    5    5    5    7.396760590586931583e-02
   5    0    0    0    3.673913164281599614e-02
   5    0    0    1    6.766714085345184107e-03
   5    0    0    2    0.000000000000000000e+00
   5    0    0    3    0.000000000000000000e+00
   5    0    0    4    2.506696589271333107e-04
   5    0    0    5    2.954334945331958629e-04
   5    0    1    0    6.766714085345183240e-03
   5    0    1    1    1.259105547363675512e-02
   5    0    1    2    0.000000000000000000e+00
   5    0    1    3    0.000000000000000000e+00
   5    0    1    4    4.753923419613196579e-04
   5    0    1    5    1.125883605977889010e-03
   5    0    2    0    0.000000000000000000e+00
   5    0    2    1    0.000000000000000000e+00
   5    0    2    2    1.257671674797910394e-02
   5    0    2    3    0.000000000000000000e+00
   5    0    2    4    0.000000000000000000e+00
   5    0    2    5    0.000000000000000000e+00
   5    0    3    0    0.000000000000000000e+00
   5    0    3    1    0.000000000000000000e+00
   5    0    3    2    0.000000000000000000e+00
   5    0    3    3    1.257671674797910394e-02
   5    0    3    4    0.000000000000000000e+00
   5    0    3    5    0.000000000000000000e+00
   5    0    4    0    2.506696589271333649e-04
   5    0    4    1    4.753923419613194953e-04
   5    0    4    2    0.000000000000000000e+00
   5    0    4    3    0.000000000000000000e+00
   5    0    4    4    1.262175245131483964e-02
   5    0    4    5    8.850594609994236368e-04
   5    0    5    0    2.954334945331958087e-04
   5    0    5    1    1.125883605977889010e-03
   5    0    5    2    0.000000000000000000e+00
   5    0    5    3    0.000000000000000000e+00
   5    0    5    4    8.850594609994238537e-04
   5    0    5    5    3.442602765782059194e-03
   5    1    0    0    1.095148025190105512e-01
   5    1    0    1    2.565917331628093240e-02
   5    1    0    2    0.000000000000000000e+00
   5    1    0    3    0.000000000000000000e+00
   5    1    0    4    1.685973490769028830e-03
   5    1    0    5    1.125883605977889444e-03
   5    1    1    0    2.565917331628092893e-02
   5    1    1    1    9.296408240439486825e-02
   5    1    1    2    0.000000000000000000e+00
   5    1    1    3    0.000000000000000000e+00
   5    1    1    4    1.430638208104433907e-02
   5    1    1    5    1.242613021041349269e-02
   5    1    2    0    0.000000000000000000e+00
   5    1    2    1    0.000000000000000000e+00
   5    1    2    2    9.164552292879123152e-02
   5    1    2    3    0.000000000000000000e+00
   5    1    2    4    0.000000000000000000e+00
   5    1    2    5    0.000000000000000000e+00
   5    1    3    0    0.000000000000000000e+00
   5    1    3    1    0.000000000000000000e+00
   5    1    3    2    0.000000000000000000e+00
   5    1    3    3    9.164552292879123152e-02
   5    1    3    4    0.000000000000000000e+00
   5    1    3    5    0.000000000000000000e+00
   5    1    4    0    1.685973490769028830e-03
   5    1    4    1    1.430638208104433907e-02
   5    1    4    2    0.000000000000000000e+00
   5    1    4    3    0.000000000000000000e+00
   5    1    4    4    9.550772298150640716e-02
   5    1    4    5    1.256695006652818608e-02
   5    1    5    0    1.125883605977888793e-03
   5    1    5    1    1.242613021041349269e-02
   5    1    5    2    0.000000000000000000e+00
   5    1    5    3    0.000000000000000000e+00
   5    1    5    4    1.256695006652818955e-02
   5    1    5    5    6.172352261771137799e-02
   5    2    0    0    0.000000000000000000e+00
   5    2    0    1    0.000000000000000000e+00
   5    2    0    2    2.482915761724708084e-03
   5    2    0    3    0.000000000000000000e+00
   5    2    0    4    0.000000000000000000e+00
   5    2    0    5    0.000000000000000000e+00
   5    2    1    0    0.000000000000000000e+00
   5    2    1    1    0.000000000000000000e+00
   5    2    1    2    1.554911629929044657e-02
   5    2    1    3    0.000000000000000000e+00
   5    2    1    4    0.000000000000000000e+00
   5    2    1    5    0.000000000000000000e+00
   5    2    2    0    2.482915761724706783e-03
   5    2    2    1    1.554911629929045178e-02
   5    2    2    2    0.000000000000000000e+00
   5    2    2    3    0.000000000000000000e+00
   5    2    2    4    2.899359494590471667e-03
   5    2    2    5    1.732775420012299013e-03
   5    2    3    0    0.000000000000000000e+00
   5    2    3    1    0.000000000000000000e+00
   5    2    3    2    0.000000000000000000e+00
   5    2    3    3    0.000000000000000000e+00
   5    2    3    4    0.000000000000000000e+00
   5    2    3    5    0.000000000000000000e+00
   5    2    4    0    0.000000000000000000e+00
   5    2    4    1    0.000000000000000000e+00
   5    2    4    2    2.899359494590471667e-03
   5    2    4    3    0.000000000000000000e+00
   5    2    4    4    0.000000000000000000e+00
   5    2    4    5    0.000000000000000000e+00
   5    2    5    0    0.000000000000000000e+00
   5    2    5    1    0.000000000000000000e+00
   5    2    5    2    1.732775420012298796e-03
   5    2    5    3    0.000000000000000000e+00
   5    2    5    4    0.000000000000000000e+00
   5    2    5    5    0.000000000000000000e+00
   5    3    0    0    0.000000000000000000e+00
   5    3    0    1    0.000000000000000000e+00
   5    3    0    2    0.000000000000000000e+00
   5    3    0    3    2.482915761724708084e-03
   5    3    0    4    0.000000000000000000e+00
   5    3    0    5    0.000000000000000000e+00
   5    3    1    0    0.000000000000000000e+00
   5    3    1    1    0.000000000000000000e+00
   5    3    1    2    0.000000000000000000e+00
   5    3    1    3    1.554911629929044657e-02
   5    3    1    4    0.000000000000000000e+00
   5    3    1    5    0.000000000000000000e+00
   5    3    2    0    0.000000000000000000e+00
   5    3    2    1    0.000000000000000000e+00
   5    3    2    2    0.000000000000000000e+00
   5    3    2    3    0.000000000000000000e+00
   5    3    2    4    0.000000000000000000e+00
   5    3    2    5    0.000000000000000000e+00
   5    3    3    0    2.482915761724706783e-03
   5    3    3    1    1.554911629929045178e-02
   5    3    3    2    0.000000000000000000e+00
   5    3    3    3    0.000000000000000000e+00
   5    3    3    4    2.899359494590471667e-03
   5    3    3    5    1.732775420012299013e-03
   5    3    4    0    0.000000000000000000e+00
   5    3    4    1    0.000000000000000000e+00
   5    3    4    2    0.000000000000000000e+00
   5    3    4    3    2.899359494590471667e-03
   5    3    4    4    0.000000000000000000e+00
   5    3    4    5    0.000000000000000000e+00
   5    3    5    0    0.000000000000000000e+00
   5    3    5    1    0.000000000000000000e+00
   5    3    5    2    0.000000000000000000e+00
   5    3    5    3    1.732775420012298796e-03
   5    3    5    4    0.000000000000000000e+00
   5    3    5    5    0.000000000000000000e+00
   5    4    0    0    8.255710346490323370e-02
   5    4    0    1    1.957099208363752632e-02
   5    4    0    2    0.000000000000000000e+00
   5    4    0    3    0.000000000000000000e+00
   5    4    0    4    3.517935238954141876e-03
   5    4    0    5    8.850594609994240705e-04
   5    4    1    0    1.957099208363752632e-02
   5    4    1    1    7.613319187837837287e-02
   5    4    1    2    0.000000000000000000e+00
   5    4    1    3    0.000000000000000000e+00
   5    4    1    4    2.586336151493064464e-02
   5    4    1    5    1.256695006652818782e-02
   5    4    2    0    0.000000000000000000e+00
   5    4    2    1    0.000000000000000000e+00
   5    4    2    2    7.320777760557678482e-02
   5    4    2    3    0.000000000000000000e+00
   5    4    2    4    0.000000000000000000e+00
   5    4    2    5    0.000000000000000000e+00
   5    4    3    0    0.000000000000000000e+00
   5    4    3    1    0.000000000000000000e+00
   5    4    3    2    0.000000000000000000e+00
   5    4    3    3    7.320777760557678482e-02
   5    4    3    4    0.000000000000000000e+00
   5    4    3    5    0.000000000000000000e+00
   5    4    4    0    3.517935238954141442e-03
   5    4    4    1    2.586336151493064464e-02
   5    4    4    2    0.000000000000000000e+00
   5    4    4    3    0.000000000000000000e+00
   5    4    4    4    8.189903186106743671e-02
   5    4    4    5    1.436052248491250308e-02
   5    4    5    0    8.850594609994239621e-04
   5    4    5    1    1.256695006652818608e-02
   5    4    5    2    0.000000000000000000e+00
   5    4    5    3    0.000000000000000000e+00
   5    4    5    4    1.436052248491250308e-02
   5    4    5    5    7.396760590586931583e-02
   5    5    0    0    3.298418812961955160e-01
   5    5    0    1    7.848085921397313092e-02
   5    5    0    2    0.000000000000000000e+00
   5    5    0    3    0.000000000000000000e+00
   5    5    0    4    4.830793661846454271e-03
   5    5    0    5    3.442602765782061362e-03
   5    5    1    0    7.848085921397313092e-02
   5    5    1    1    3.285489504460158416e-01
   5    5    1    2    0.000000000000000000e+00
   5    5    1    3    0.000000000000000000e+00
   5    5    1    4    5.915882384852158560e-02
   5    5    1    5    6.172352261771136411e-02
   5    5    2    0    0.000000000000000000e+00
   5    5    2    1    0.000000000000000000e+00
   5    5    2    2    3.211528656436147822e-01
   5    5    2    3    0.000000000000000000e+00
   5    5    2    4    0.000000000000000000e+00
   5    5    2    5    0.000000000000000000e+00
   5    5    3    0    0.000000000000000000e+00
   5    5    3    1    0.000000000000000000e+00
   5    5    3    2    0.000000000000000000e+00
   5    5    3    3    3.211528656436147822e-01
   5    5    3    4    0.000000000000000000e+00
   5    5    3    5    0.000000000000000000e+00
   5    5    4    0    4.830793661846455138e-03
   5    5    4    1    5.915882384852159948e-02
   5    5    4    2    0.000000000000000000e+00
   5    5    4    3    0.000000000000000000e+00
   5    5    4    4    3.432290543097278324e-01
   5    5    4    5    7.396760590586928807e-02
   5    5    5    0    3.442602765782060061e-03
   5    5    5    1    6.172352261771136411e-02
   5    5    5    2    0.000000000000000000e+00
   5    5    5    3    0.000000000000000000e+00
   5    5    5    4    7.396760590586930195e-02
   5    5    5    5    7.746059439198977881e-01
