   0    0    0    0    5.403501140569933803e+00
   0    0    0    1    8.419201558275541952e-01
   0    0    0    2    0.000000000000000000e+00
   0    0    0    3    0.000000000000000000e+00
   0    0    0    4    0.000000000000000000e+00
   0    0    0    5    2.742627727282490741e-02
   0    0    1    0    8.419201558275544173e-01
   0    0    1    1    1.268028360205202265e+00
   0    0    1    2    0.000000000000000000e+00
   0    0    1    3    0.000000000000000000e+00
   0    0    1    4    0.000000000000000000e+00
   0    0    1    5    8.276463885693079170e-02
   0    0    2    0    0.000000000000000000e+00
   0    0    2    1    0.000000000000000000e+00
   0    0    2    2    1.264502477744241515e+00
   0    0    2    3    0.000000000000000000e+00
   0    0    2    4    0.000000000000000000e+00
   0    0    2    5    0.000000000000000000e+00
   0    0    3    0    0.000000000000000000e+00
   0    0    3    1    0.000000000000000000e+00
   0    0    3    2    0.000000000000000000e+00
   0    0    3    3    1.264502477744241515e+00
   0    0    3    4    0.000000000000000000e+00
   0    0    3    5    0.000000000000000000e+00
   0    0    4    0    0.000000000000000000e+00
   0    0    4    1    0.000000000000000000e+00
   0    0    4    2    0.000000000000000000e+00
   0    0    4    3    0.000000000000000000e+00
   0    0    4    4    1.264502477744241515e+00
   0    0    4    5    6.358896277085986093e-02
   0    0    5    0    2.742627727282490047e-02
   0    0    5    1    8.276463885693079170e-02
   0    0    5    2    0.000000000000000000e+00
   0    0    5    3    0.000000000000000000e+00
   0    0    5    4    6.358896277085983317e-02
   0    0    5    5    3.049030433517011529e-01
   0    1    0    0    8.419201558275544173e-01
   0    1    0    1    1.562993054528251102e-01
   0    1    0    2    0.000000000000000000e+00
   0    1    0    3    0.000000000000000000e+00
   0    1    0    4    0.000000000000000000e+00
   0    1    0    5    5.051222755347552912e-03
   0    1    1    0    1.562993054528251380e-01
   0    1    1    1    2.923436834151313390e-01
   0    1    1    2    0.000000000000000000e+00
   0    1    1    3    0.000000000000000000e+00
   0    1    1    4    0.000000000000000000e+00
   0    1    1    5    1.939538623470207779e-02
   0    1    2    0    0.000000000000000000e+00
   0    1    2    1    0.000000000000000000e+00
   0    1    2    2    2.924031393458948469e-01
   0    1    2    3    0.000000000000000000e+00
   0    1    2    4    0.000000000000000000e+00
   0    1    2    5    0.000000000000000000e+00
   0    1    3    0    0.000000000000000000e+00
   0    1    3    1    0.000000000000000000e+00
   0    1    3    2    0.000000000000000000e+00
   0    1    3    3    2.924031393458948469e-01
   0    1    3    4    0.000000000000000000e+00
   0    1    3    5    0.000000000000000000e+00
   0    1    4    0    0.000000000000000000e+00
   0    1    4    1    0.000000000000000000e+00
   0    1    4    2    0.000000000000000000e+00
   0    1    4    3    0.000000000000000000e+00
   0    1    4    4    2.924031393458948469e-01
   0    1    4    5    1.507520850759270364e-02
   0    1    5    0    5.051222755347552912e-03
   0    1    5    1    1.939538623470207779e-02
   0    1    5    2    0.000000000000000000e+00
   0    1    5    3    0.000000000000000000e+00
   0    1    5    4    1.507520850759270711e-02
   0    1    5    5    7.255370034303559867e-02
   0    2    0    0    0.000000000000000000e+00
   0    2    0    1    0.000000000000000000e+00
   0    2    0    2    2.799752843443208475e-02
   0    2    0    3    0.000000000000000000e+00
   0    2    0    4    0.000000000000000000e+00
   0    2    0    5    0.000000000000000000e+00
   0    2    1    0    0.000000000000000000e+00
   0    2    1    1    0.000000000000000000e+00
   0    2    1    2    4.316873713962075809e-02
   0    2    1    3    0.000000000000000000e+00
   0    2    1    4    0.000000000000000000e+00
   0    2    1    5    0.000000000000000000e+00
   0    2    2    0    2.799752843443208475e-02
   0    2    2    1    4.316873713962076503e-02
   0    2    2    2    0.000000000000000000e+00
   0    2    2    3    0.000000000000000000e+00
   0    2    2    4    0.000000000000000000e+00
   0    2    2    5    1.867162423874340694e-03
   0    2    3    0    0.000000000000000000e+00
   0    2    3    1    0.000000000000000000e+00
   0    2    3    2    0.000000000000000000e+00
   0    2    3    3    0.000000000000000000e+00
   0    2    3    4    0.000000000000000000e+00
   0    2    3    5    0.000000000000000000e+00
   0    2    4    0    0.000000000000000000e+00
   0    2    4    1    0.000000000000000000e+00
   0    2    4    2    0.000000000000000000e+00
   0    2    4    3    0.000000000000000000e+00
   0    2    4    4    0.000000000000000000e+00
   0    2    4    5    0.000000000000000000e+00
   0    2    5    0    0.000000000000000000e+00
   0    2    5    1    0.000000000000000000e+00
   0    2    5    2    1.867162423874339826e-03
   0    2    5    3    0.000000000000000000e+00
   0    2    5    4    0.000000000000000000e+00
   0    2    5    5    0.000000000000000000e+00
   0    3    0    0    0.000000000000000000e+00
   0    3    0    1    0.000000000000000000e+00
   0    3    0    2    0.000000000000000000e+00
   0    3    0    3    2.799752843443208475e-02
   0    3    0    4    0.000000000000000000e+00
   0    3    0    5    0.000000000000000000e+00
   0    3    1    0    0.000000000000000000e+00
   0    3    1    1    0.000000000000000000e+00
   0    3    1    2    0.000000000000000000e+00
   0    3    1    3    4.316873713962075809e-02
   0    3    1    4    0.000000000000000000e+00
   0    3    1    5    0.000000000000000000e+00
   0    3    2    0    0.000000000000000000e+00
   0    3    2    1    0.000000000000000000e+00
   0    3    2    2    0.000000000000000000e+00
   0    3    2    3    0.000000000000000000e+00
   0    3    2    4    0.000000000000000000e+00
   0    3    2    5    0.000000000000000000e+00
   0    3    3    0    2.799752843443208475e-02
   0    3    3    1    4.316873713962076503e-02
   0    3    3    2    0.000000000000000000e+00
   0    3    3    3    0.000000000000000000e+00
   0    3    3    4    0.000000000000000000e+00
   0    3    3    5    1.867162423874340694e-03
   0    3    4    0    0.000000000000000000e+00
   0    3    4    1    0.000000000000000000e+00
   0    3    4    2    0.000000000000000000e+00
   0    3    4    3    0.000000000000000000e+00
   0    3    4    4    0.000000000000000000e+00
   0    3    4    5    0.000000000000000000e+00
   0    3    5    0    0.000000000000000000e+00
   0    3    5    1    0.000000000000000000e+00
   0    3    5    2    0.000000000000000000e+00
   0    3    5    3    1.867162423874339826e-03
   0    3    5    4    0.000000000000000000e+00
   0    3    5    5    0.000000000000000000e+00
   0    4    0    0    0.000000000000000000e+00
   0    4    0    1    0.000000000000000000e+00
   0    4    0    2    0.000000000000000000e+00
   0    4    0    3    0.000000000000000000e+00
   0    4    0    4    2.799752843443208475e-02
   0    4    0    5    1.904301645842632691e-04
   0    4    1    0    0.000000000000000000e+00
   0    4    1    1    0.000000000000000000e+00
   0    4    1    2    0.000000000000000000e+00
   0    4    1    3    0.000000000000000000e+00
   0    4    1    4    4.316873713962075809e-02
   0    4    1    5    1.280516496639255318e-03
   0    4    2    0    0.000000000000000000e+00
   0    4    2    1    0.000000000000000000e+00
   0    4    2    2    0.000000000000000000e+00
   0    4    2    3    0.000000000000000000e+00
   0    4    2    4    0.000000000000000000e+00
   0    4    2    5    0.000000000000000000e+00
   0    4    3    0    0.000000000000000000e+00
   0    4    3    1    0.000000000000000000e+00
   0    4    3    2    0.000000000000000000e+00
   0    4    3    3    0.000000000000000000e+00
   0    4    3    4    0.000000000000000000e+00
   0    4    3    5    0.000000000000000000e+00
   0    4    4    0    2.799752843443208475e-02
   0    4    4    1    4.316873713962076503e-02
   0    4    4    2    0.000000000000000000e+00
   0    4    4    3    0.000000000000000000e+00
   0    4    4    4    0.000000000000000000e+00
   0    4    4    5    2.632970844357232672e-03
   0    4    5    0    1.904301645842632691e-04
   0    4    5    1    1.280516496639255318e-03
   0    4    5    2    0.000000000000000000e+00
   0    4    5    3    0.000000000000000000e+00
   0    4    5    4    2.632970844357232238e-03
   0    4    5    5    4.155410541701117129e-03
   0    5    0    0    2.742627727282490047e-02
   0    5    0    1    5.051222755347554647e-03
   0    5    0    2    0.000000000000000000e+00
   0    5    0    3    0.000000000000000000e+00
   0    5    0    4    1.904301645842632420e-04
   0    5    0    5    1.646703239604694875e-04
   0    5    1    0    5.051222755347552912e-03
   0    5    1    1    9.398196528295262725e-03
   0    5    1    2    0.000000000000000000e+00
   0    5    1    3    0.000000000000000000e+00
   0    5    1    4    3.604999718629721709e-04
   0    5    1    5    6.354289378880438686e-04
   0    5    2    0    0.000000000000000000e+00
   0    5    2    1    0.000000000000000000e+00
   0    5    2    2    9.388078756285181403e-03
   0    5    2    3    0.000000000000000000e+00
   0    5    2    4    0.000000000000000000e+00
   0    5    2    5    0.000000000000000000e+00
   0    5    3    0    0.000000000000000000e+00
   0    5    3    1    0.000000000000000000e+00
   0    5    3    2    0.000000000000000000e+00
   0    5    3    3    9.388078756285181403e-03
   0    5    3    4    0.000000000000000000e+00
   0    5    3    5    0.000000000000000000e+00
   0    5    4    0    1.904301645842632962e-04
   0    5    4    1    3.604999718629720625e-04
   0    5    4    2    0.000000000000000000e+00
   0    5    4    3    0.000000000000000000e+00
   0    5    4    4    9.419931986515948236e-03
   0    5    4    5    5.084984504131285837e-04
   0    5    5    0    1.646703239604694333e-04
   0    5    5    1    6.354289378880438686e-04
   0    5    5    2    0.000000000000000000e+00
   0    5    5    3    0.000000000000000000e+00
   0    5    5    4    5.084984504131286921e-04
   0    5    5    5    2.373087668088610762e-03
   1    0    0    0    8.419201558275544173e-01
   1    0    0    1    1.562993054528250825e-01
   1    0    0    2    0.000000000000000000e+00
   1    0    0    3    0.000000000000000000e+00
   1    0    0    4    0.000000000000000000e+00
   1    0    0    5    5.051222755347552912e-03
   1    0    1    0    1.562993054528251102e-01
   1    0    1    1    2.923436834151313390e-01
   1    0    1    2    0.000000000000000000e+00
   1    0    1    3    0.000000000000000000e+00
   1    0    1    4    0.000000000000000000e+00
   1    0    1    5    1.939538623470207779e-02
   1    0    2    0    0.000000000000000000e+00
   1    0    2    1    0.000000000000000000e+00
   1    0    2    2    2.924031393458948469e-01
   1    0    2    3    0.000000000000000000e+00
   1    0    2    4    0.000000000000000000e+00
   1    0    2    5    0.000000000000000000e+00
   1    0    3    0    0.000000000000000000e+00
   1    0    3    1    0.000000000000000000e+00
   1    0    3    2    0.000000000000000000e+00
   1    0    3    3    2.924031393458948469e-01
   1    0    3    4    0.000000000000000000e+00
   1    0    3    5    0.000000000000000000e+00
   1    0    4    0    0.000000000000000000e+00
   1    0    4    1    0.000000000000000000e+00
   1    0    4    2    0.000000000000000000e+00
   1    0    4    3    0.000000000000000000e+00
   1    0    4    4    2.924031393458948469e-01
   1    0    4    5    1.507520850759270538e-02
   1    0    5    0    5.051222755347552044e-03
   1    0    5    1    1.939538623470208126e-02
   1    0    5    2    0.000000000000000000e+00
   1    0    5    3    0.000000000000000000e+00
   1    0    5    4    1.507520850759270364e-02
   1    0    5    5    7.255370034303558480e-02
   1    1    0    0    1.268028360205202487e+00
   1    1    0    1    2.923436834151313390e-01
   1    1    0    2    0.000000000000000000e+00
   1    1    0    3    0.000000000000000000e+00
   1    1    0    4    0.000000000000000000e+00
   1    1    0    5    9.398196528295264460e-03
   1    1    1    0    2.923436834151312835e-01
   1    1    1    1    9.261671399811630678e-01
   1    1    1    2    0.000000000000000000e+00
   1    1    1    3    0.000000000000000000e+00
   1    1    1    4    0.000000000000000000e+00
   1    1    1    5    7.041718713686756503e-02
   1    1    2    0    0.000000000000000000e+00
   1    1    2    1    0.000000000000000000e+00
   1    1    2    2    9.259589345574371633e-01
   1    1    2    3    0.000000000000000000e+00
   1    1    2    4    0.000000000000000000e+00
   1    1    2    5    0.000000000000000000e+00
   1    1    3    0    0.000000000000000000e+00
   1    1    3    1    0.000000000000000000e+00
   1    1    3    2    0.000000000000000000e+00
   1    1    3    3    9.259589345574371633e-01
   1    1    3    4    0.000000000000000000e+00
   1    1    3    5    0.000000000000000000e+00
   1    1    4    0    0.000000000000000000e+00
   1    1    4    1    0.000000000000000000e+00
   1    1    4    2    0.000000000000000000e+00
   1    1    4    3    0.000000000000000000e+00
   1    1    4    4    9.259589345574371633e-01
   1    1    4    5    5.874391980798195079e-02
   1    1    5    0    9.398196528295262725e-03
   1    1    5    1    7.041718713686756503e-02
   1    1    5    2    0.000000000000000000e+00
   1    1    5    3    0.000000000000000000e+00
   1    1    5    4    5.874391980798195079e-02
   1    1    5    5    3.041812854406202304e-01
   1    2    0    0    0.000000000000000000e+00
   1    2    0    1    0.000000000000000000e+00
   1    2    0    2    4.316873713962075809e-02
   1    2    0    3    0.000000000000000000e+00
   1    2    0    4    0.000000000000000000e+00
   1    2    0    5    0.000000000000000000e+00
   1    2    1    0    0.000000000000000000e+00
   1    2    1    1    0.000000000000000000e+00
   1    2    1    2    2.045875062723615245e-01
   1    2    1    3    0.000000000000000000e+00
   1    2    1    4    0.000000000000000000e+00
   1    2    1    5    0.000000000000000000e+00
   1    2    2    0    4.316873713962075809e-02
   1    2    2    1    2.045875062723616078e-01
   1    2    2    2    0.000000000000000000e+00
   1    2    2    3    0.000000000000000000e+00
   1    2    2    4    0.000000000000000000e+00
   1    2    2    5    1.175430604847600355e-02
   1    2    3    0    0.000000000000000000e+00
   1    2    3    1    0.000000000000000000e+00
   1    2    3    2    0.000000000000000000e+00
   1    2    3    3    0.000000000000000000e+00
   1    2    3    4    0.000000000000000000e+00
   1    2    3    5    0.000000000000000000e+00
   1    2    4    0    0.000000000000000000e+00
   1    2    4    1    0.000000000000000000e+00
   1    2    4    2    0.000000000000000000e+00
   1    2    4    3    0.000000000000000000e+00
   1    2    4    4    0.000000000000000000e+00
   1    2    4    5    0.000000000000000000e+00
   1    2    5    0    0.000000000000000000e+00
   1    2    5    1    0.000000000000000000e+00
   1    2    5    2    1.175430604847600181e-02
   1    2    5    3    0.000000000000000000e+00
   1    2    5    4    0.000000000000000000e+00
   1    2    5    5    0.000000000000000000e+00
   1    3    0    0    0.000000000000000000e+00
   1    3    0    1    0.000000000000000000e+00
   1    3    0    2    0.000000000000000000e+00
   1    3    0    3    4.316873713962075809e-02
   1    3    0    4    0.000000000000000000e+00
   1    3    0    5    0.000000000000000000e+00
   1    3    1    0    0.000000000000000000e+00
   1    3    1    1    0.000000000000000000e+00
   1    3    1    2    0.000000000000000000e+00
   1    3    1    3    2.045875062723615245e-01
   1    3    1    4    0.000000000000000000e+00
   1    3    1    5    0.000000000000000000e+00
   1    3    2    0    0.000000000000000000e+00
   1    3    2    1    0.000000000000000000e+00
   1    3    2    2    0.000000000000000000e+00
   1    3    2    3    0.000000000000000000e+00
   1    3    2    4    0.000000000000000000e+00
   1    3    2    5    0.000000000000000000e+00
   1    3    3    0    4.316873713962075809e-02
   1    3    3    1    2.045875062723616078e-01
   1    3    3    2    0.000000000000000000e+00
   1    3    3    3    0.000000000000000000e+00
   1    3    3    4    0.000000000000000000e+00
   1    3    3    5    1.175430604847600355e-02
   1    3    4    0    0.000000000000000000e+00
   1    3    4    1    0.000000000000000000e+00
   1    3    4    2    0.000000000000000000e+00
   1    3    4    3    0.000000000000000000e+00
   1    3    4    4    0.000000000000000000e+00
   1    3    4    5    0.000000000000000000e+00
   1    3    5    0    0.000000000000000000e+00
   1    3    5    1    0.000000000000000000e+00
   1    3    5    2    0.000000000000000000e+00
   1    3    5    3    1.175430604847600181e-02
   1    3    5    4    0.000000000000000000e+00
   1    3    5    5    0.000000000000000000e+00
   1    4    0    0    0.000000000000000000e+00
   1    4    0    1    0.000000000000000000e+00
   1    4    0    2    0.000000000000000000e+00
   1    4    0    3    0.000000000000000000e+00
   1    4    0    4    4.316873713962075809e-02
   1    4    0    5    3.604999718629722251e-04
   1    4    1    0    0.000000000000000000e+00
   1    4    1    1    0.000000000000000000e+00
   1    4    1    2    0.000000000000000000e+00
   1    4    1    3    0.000000000000000000e+00
   1    4    1    4    2.045875062723615245e-01
   1    4    1    5    1.090339969284791211e-02
   1    4    2    0    0.000000000000000000e+00
   1    4    2    1    0.000000000000000000e+00
   1    4    2    2    0.000000000000000000e+00
   1    4    2    3    0.000000000000000000e+00
   1    4    2    4    0.000000000000000000e+00
   1    4    2    5    0.000000000000000000e+00
   1    4    3    0    0.000000000000000000e+00
   1    4    3    1    0.000000000000000000e+00
   1    4    3    2    0.000000000000000000e+00
   1    4    3    3    0.000000000000000000e+00
   1    4    3    4    0.000000000000000000e+00
   1    4    3    5    0.000000000000000000e+00
   1    4    4    0    4.316873713962075809e-02
   1    4    4    1    2.045875062723616078e-01
   1    4    4    2    0.000000000000000000e+00
   1    4    4    3    0.000000000000000000e+00
   1    4    4    4    0.000000000000000000e+00
   1    4    4    5    1.946660770842980476e-02
   1    4    5    0    3.604999718629721709e-04
   1    4    5    1    1.090339969284791558e-02
   1    4    5    2    0.000000000000000000e+00
   1    4    5    3    0.000000000000000000e+00
   1    4    5    4    1.946660770842980476e-02
   1    4    5    5    5.127598021351263691e-02
   1    5    0    0    8.276463885693077782e-02
   1    5    0    1    1.939538623470207779e-02
   1    5    0    2    0.000000000000000000e+00
   1    5    0    3    0.000000000000000000e+00
   1    5    0    4    1.280516496639255318e-03
   1    5    0    5    6.354289378880439770e-04
   1    5    1    0    1.939538623470208126e-02
   1    5    1    1    7.041718713686753728e-02
   1    5    1    2    0.000000000000000000e+00
   1    5    1    3    0.000000000000000000e+00
   1    5    1    4    1.090339969284791904e-02
   1    5    1    5    7.198617870603257057e-03
   1    5    2    0    0.000000000000000000e+00
   1    5    2    1    0.000000000000000000e+00
   1    5    2    2    6.944614362767008442e-02
   1    5    2    3    0.000000000000000000e+00
   1    5    2    4    0.000000000000000000e+00
   1    5    2    5    0.000000000000000000e+00
   1    5    3    0    0.000000000000000000e+00
   1    5    3    1    0.000000000000000000e+00
   1    5    3    2    0.000000000000000000e+00
   1    5    3    3    6.944614362767008442e-02
   1    5    3    4    0.000000000000000000e+00
   1    5    3    5    0.000000000000000000e+00
   1    5    4    0    1.280516496639255535e-03
   1    5    4    1    1.090339969284791558e-02
   1    5    4    2    0.000000000000000000e+00
   1    5    4    3    0.000000000000000000e+00
   1    5    4    4    7.228865049477284366e-02
   1    5    4    5    7.396997799500806478e-03
   1    5    5    0    6.354289378880438686e-04
   1    5    5    1    7.198617870603257057e-03
   1    5    5    2    0.000000000000000000e+00
   1    5    5    3    0.000000000000000000e+00
   1    5    5    4    7.396997799500807345e-03
   1    5    5    5    4.381202973898330744e-02
   2    0    0    0    0.000000000000000000e+00
   2    0    0    1    0.000000000000000000e+00
   2    0    0    2    2.799752843443208475e-02
   2    0    0    3    0.000000000000000000e+00
   2    0    0    4    0.000000000000000000e+00
   2    0    0    5    0.000000000000000000e+00
   2    0    1    0    0.000000000000000000e+00
   2    0    1    1    0.000000000000000000e+00
   2    0    1    2    4.316873713962075115e-02
   2    0    1    3    0.000000000000000000e+00
   2    0    1    4    0.000000000000000000e+00
   2    0    1    5    0.000000000000000000e+00
   2    0    2    0    2.799752843443208822e-02
   2    0    2    1    4.316873713962076503e-02
   2    0    2    2    0.000000000000000000e+00
   2    0    2    3    0.000000000000000000e+00
   2    0    2    4    0.000000000000000000e+00
   2    0    2    5    1.867162423874340694e-03
   2    0    3    0    0.000000000000000000e+00
   2    0    3    1    0.000000000000000000e+00
   2    0    3    2    0.000000000000000000e+00
   2    0    3    3    0.000000000000000000e+00
   2    0    3    4    0.000000000000000000e+00
   2    0    3    5    0.000000000000000000e+00
   2    0    4    0    0.000000000000000000e+00
   2    0    4    1    0.000000000000000000e+00
   2    0    4    2    0.000000000000000000e+00
   2    0    4    3    0.000000000000000000e+00
   2    0    4    4    0.000000000000000000e+00
   2    0    4    5    0.000000000000000000e+00
   2    0    5    0    0.000000000000000000e+00
   2    0    5    1    0.000000000000000000e+00
   2    0    5    2    1.867162423874340043e-03
   2    0    5    3    0.000000000000000000e+00
   2    0    5    4    0.000000000000000000e+00
   2    0    5    5    0.000000000000000000e+00
   2    1    0    0    0.000000000000000000e+00
   2    1    0    1    0.000000000000000000e+00
   2    1    0    2    4.316873713962076503e-02
   2    1    0    3    0.000000000000000000e+00
   2    1    0    4    0.000000000000000000e+00
   2    1    0    5    0.000000000000000000e+00
   2    1    1    0    0.000000000000000000e+00
   2    1    1    1    0.000000000000000000e+00
   2    1    1    2    2.045875062723615245e-01
   2    1    1    3    0.000000000000000000e+00
   2    1    1    4    0.000000000000000000e+00
   2    1    1    5    0.000000000000000000e+00
   2    1    2    0    4.316873713962076503e-02
   2    1    2    1    2.045875062723616078e-01
   2    1    2    2    0.000000000000000000e+00
   2    1    2    3    0.000000000000000000e+00
   2    1    2    4    0.000000000000000000e+00
   2    1    2    5    1.175430604847600355e-02
   2    1    3    0    0.000000000000000000e+00
   2    1    3    1    0.000000000000000000e+00
   2    1    3    2    0.000000000000000000e+00
   2    1    3    3    0.000000000000000000e+00
   2    1    3    4    0.000000000000000000e+00
   2    1    3    5    0.000000000000000000e+00
   2    1    4    0    0.000000000000000000e+00
   2    1    4    1    0.000000000000000000e+00
   2    1    4    2    0.000000000000000000e+00
   2    1    4    3    0.000000000000000000e+00
   2    1    4    4    0.000000000000000000e+00
   2    1    4    5    0.000000000000000000e+00
   2    1    5    0    0.000000000000000000e+00
   2    1    5    1    0.000000000000000000e+00
   2    1    5    2    1.175430604847600181e-02
   2    1    5    3    0.000000000000000000e+00
   2    1    5    4    0.000000000000000000e+00
   2    1    5    5    0.000000000000000000e+00
   2    2    0    0    1.264502477744242182e+00
   2    2    0    1    2.924031393458948469e-01
   2    2    0    2    0.000000000000000000e+00
   2    2    0    3    0.000000000000000000e+00
   2    2    0    4    0.000000000000000000e+00
   2    2    0    5    9.388078756285183138e-03
   2    2    1    0    2.924031393458949024e-01
   2    2    1    1    9.259589345574371633e-01
   2    2    1    2    0.000000000000000000e+00
   2    2    1    3    0.000000000000000000e+00
   2    2    1    4    0.000000000000000000e+00
   2    2    1    5    6.944614362767007054e-02
   2    2    2    0    0.000000000000000000e+00
   2    2    2    1    0.000000000000000000e+00
   2    2    2    2    9.975136259296557562e-01
   2    2    2    3    0.000000000000000000e+00
   2    2    2    4    0.000000000000000000e+00
   2    2    2    5    0.000000000000000000e+00
   2    2    3    0    0.000000000000000000e+00
   2    2    3    1    0.000000000000000000e+00
   2    2    3    2    0.000000000000000000e+00
   2    2    3    3    8.899728857331786758e-01
   2    2    3    4    0.000000000000000000e+00
   2    2    3    5    0.000000000000000000e+00
   2    2    4    0    0.000000000000000000e+00
   2    2    4    1    0.000000000000000000e+00
   2    2    4    2    0.000000000000000000e+00
   2    2    4    3    0.000000000000000000e+00
   2    2    4    4    8.899728857331786758e-01
   2    2    4    5    5.654761044052340063e-02
   2    2    5    0    9.388078756285181403e-03
   2    2    5    1    6.944614362767008442e-02
   2    2    5    2    0.000000000000000000e+00
   2    2    5    3    0.000000000000000000e+00
   2    2    5    4    5.654761044052340757e-02
   2    2    5    5    2.981173529302288960e-01
   2    3    0    0    0.000000000000000000e+00
   2    3    0    1    0.000000000000000000e+00
   2    3    0    2    0.000000000000000000e+00
   2    3    0    3    0.000000000000000000e+00
   2    3    0    4    0.000000000000000000e+00
   2    3    0    5    0.000000000000000000e+00
   2    3    1    0    0.000000000000000000e+00
   2    3    1    1    0.000000000000000000e+00
   2    3    1    2    0.000000000000000000e+00
   2    3    1    3    0.000000000000000000e+00
   2    3    1    4    0.000000000000000000e+00
   2    3    1    5    0.000000000000000000e+00
   2    3    2    0    0.000000000000000000e+00
   2    3    2    1    0.000000000000000000e+00
   2    3    2    2    0.000000000000000000e+00
   2    3    2    3    5.377037009823801977e-02
   2    3    2    4    0.000000000000000000e+00
   2    3    2    5    0.000000000000000000e+00
   2    3    3    0    0.000000000000000000e+00
   2    3    3    1    0.000000000000000000e+00
   2    3    3    2    5.377037009823801977e-02
   2    3    3    3    0.000000000000000000e+00
   2    3    3    4    0.000000000000000000e+00
   2    3    3    5    0.000000000000000000e+00
   2    3    4    0    0.000000000000000000e+00
   2    3    4    1    0.000000000000000000e+00
   2    3    4    2    0.000000000000000000e+00
   2    3    4    3    0.000000000000000000e+00
   2    3    4    4    0.000000000000000000e+00
   2    3    4    5    0.000000000000000000e+00
   2    3    5    0    0.000000000000000000e+00
   2    3    5    1    0.000000000000000000e+00
   2    3    5    2    0.000000000000000000e+00
   2    3    5    3    0.000000000000000000e+00
   2    3    5    4    0.000000000000000000e+00
   2    3    5    5    0.000000000000000000e+00
   2    4    0    0    0.000000000000000000e+00
   2    4    0    1    0.000000000000000000e+00
   2    4    0    2    0.000000000000000000e+00
   2    4    0    3    0.000000000000000000e+00
   2    4    0    4    0.000000000000000000e+00
   2    4    0    5    0.000000000000000000e+00
   2    4    1    0    0.000000000000000000e+00
   2    4    1    1    0.000000000000000000e+00
   2    4    1    2    0.000000000000000000e+00
   2    4    1    3    0.000000000000000000e+00
   2    4    1    4    0.000000000000000000e+00
   2    4    1    5    0.000000000000000000e+00
   2    4    2    0    0.000000000000000000e+00
   2    4    2    1    0.000000000000000000e+00
   2    4    2    2    0.000000000000000000e+00
   2    4    2    3    0.000000000000000000e+00
   2    4    2    4    5.377037009823801977e-02
   2    4    2    5    2.228812332376408668e-03
   2    4    3    0    0.000000000000000000e+00
   2    4    3    1    0.000000000000000000e+00
   2    4    3    2    0.000000000000000000e+00
   2    4    3    3    0.000000000000000000e+00
   2    4    3    4    0.000000000000000000e+00
   2    4    3    5    0.000000000000000000e+00
   2    4    4    0    0.000000000000000000e+00
   2    4    4    1    0.000000000000000000e+00
   2    4    4    2    5.377037009823801977e-02
   2    4    4    3    0.000000000000000000e+00
   2    4    4    4    0.000000000000000000e+00
   2    4    4    5    0.000000000000000000e+00
   2    4    5    0    0.000000000000000000e+00
   2    4    5    1    0.000000000000000000e+00
   2    4    5    2    2.228812332376409102e-03
   2    4    5    3    0.000000000000000000e+00
   2    4    5    4    0.000000000000000000e+00
   2    4    5    5    0.000000000000000000e+00
   2    5    0    0    0.000000000000000000e+00
   2    5    0    1    0.000000000000000000e+00
   2    5    0    2    1.867162423874340477e-03
   2    5    0    3    0.000000000000000000e+00
   2    5    0    4    0.000000000000000000e+00
   2    5    0    5    0.000000000000000000e+00
   2    5    1    0    0.000000000000000000e+00
   2    5    1    1    0.000000000000000000e+00
   2    5    1    2    1.175430604847600008e-02
   2    5    1    3    0.000000000000000000e+00
   2    5    1    4    0.000000000000000000e+00
   2    5    1    5    0.000000000000000000e+00
   2    5    2    0    1.867162423874340910e-03
   2    5    2    1    1.175430604847600528e-02
   2    5    2    2    0.000000000000000000e+00
   2    5    2    3    0.000000000000000000e+00
   2    5    2    4    2.228812332376408235e-03
   2    5    2    5    1.008683688793554330e-03
   2    5    3    0    0.000000000000000000e+00
   2    5    3    1    0.000000000000000000e+00
   2    5    3    2    0.000000000000000000e+00
   2    5    3    3    0.000000000000000000e+00
   2    5    3    4    0.000000000000000000e+00
   2    5    3    5    0.000000000000000000e+00
   2    5    4    0    0.000000000000000000e+00
   2    5    4    1    0.000000000000000000e+00
   2    5    4    2    2.228812332376408235e-03
   2    5    4    3    0.000000000000000000e+00
   2    5    4    4    0.000000000000000000e+00
   2    5    4    5    0.000000000000000000e+00
   2    5    5    0    0.000000000000000000e+00
   2    5    5    1    0.000000000000000000e+00
   2    5    5    2    1.008683688793554113e-03
   2    5    5    3    0.000000000000000000e+00
   2    5    5    4    0.000000000000000000e+00
   2    5    5    5    0.000000000000000000e+00
   3    0    0    0    0.000000000000000000e+00
   3    0    0    1    0.000000000000000000e+00
   3    0    0    2    0.000000000000000000e+00
   3    0    0    3    2.799752843443208475e-02
   3    0    0    4    0.000000000000000000e+00
   3    0    0    5    0.000000000000000000e+00
   3    0    1    0    0.000000000000000000e+00
   3    0    1    1    0.000000000000000000e+00
   3    0    1    2    0.000000000000000000e+00
   3    0    1    3    4.316873713962075115e-02
   3    0    1    4    0.000000000000000000e+00
   3    0    1    5    0.000000000000000000e+00
   3    0    2    0    0.000000000000000000e+00
   3    0    2    1    0.000000000000000000e+00
   3    0    2    2    0.000000000000000000e+00
   3    0    2    3    0.000000000000000000e+00
   3    0    2    4    0.000000000000000000e+00
   3    0    2    5    0.000000000000000000e+00
   3    0    3    0    2.799752843443208822e-02
   3    0    3    1    4.316873713962076503e-02
   3    0    3    2    0.000000000000000000e+00
   3    0    3    3    0.000000000000000000e+00
   3    0    3    4    0.000000000000000000e+00
   3    0    3    5    1.867162423874340694e-03
   3    0    4    0    0.000000000000000000e+00
   3    0    4    1    0.000000000000000000e+00
   3    0    4    2    0.000000000000000000e+00
   3    0    4    3    0.000000000000000000e+00
   3    0    4    4    0.000000000000000000e+00
   3    0    4    5    0.000000000000000000e+00
   3    0    5    0    0.000000000000000000e+00
   3    0    5    1    0.000000000000000000e+00
   3    0    5    2    0.000000000000000000e+00
   3    0    5    3    1.867162423874340043e-03
   3    0    5    4    0.000000000000000000e+00
   3    0    5    5    0.000000000000000000e+00
   3    1    0    0    0.000000000000000000e+00
   3    1    0    1    0.000000000000000000e+00
   3    1    0    2    0.000000000000000000e+00
   3    1    0    3    4.316873713962076503e-02
   3    1    0    4    0.000000000000000000e+00
   3    1    0    5    0.000000000000000000e+00
   3    1    1    0    0.000000000000000000e+00
   3    1    1    1    0.000000000000000000e+00
   3    1    1    2    0.000000000000000000e+00
   3    1    1    3    2.045875062723615245e-01
   3    1    1    4    0.000000000000000000e+00
   3    1    1    5    0.000000000000000000e+00
   3    1    2    0    0.000000000000000000e+00
   3    1    2    1    0.000000000000000000e+00
   3    1    2    2    0.000000000000000000e+00
   3    1    2    3    0.000000000000000000e+00
   3    1    2    4    0.000000000000000000e+00
   3    1    2    5    0.000000000000000000e+00
   3    1    3    0    4.316873713962076503e-02
   3    1    3    1    2.045875062723616078e-01
   3    1    3    2    0.000000000000000000e+00
   3    1    3    3    0.000000000000000000e+00
   3    1    3    4    0.000000000000000000e+00
   3    1    3    5    1.175430604847600355e-02
   3    1    4    0    0.000000000000000000e+00
   3    1    4    1    0.000000000000000000e+00
   3    1    4    2    0.000000000000000000e+00
   3    1    4    3    0.000000000000000000e+00
   3    1    4    4    0.000000000000000000e+00
   3    1    4    5    0.000000000000000000e+00
   3    1    5    0    0.000000000000000000e+00
   3    1    5    1    0.000000000000000000e+00
   3    1    5    2    0.000000000000000000e+00
   3    1    5    3    1.175430604847600181e-02
   3    1    5    4    0.000000000000000000e+00
   3    1    5    5    0.000000000000000000e+00
   3    2    0    0    0.000000000000000000e+00
   3    2    0    1    0.000000000000000000e+00
   3    2    0    2    0.000000000000000000e+00
   3    2    0    3    0.000000000000000000e+00
   3    2    0    4    0.000000000000000000e+00
   3    2    0    5    0.000000000000000000e+00
   3    2    1    0    0.000000000000000000e+00
   3    2    1    1    0.000000000000000000e+00
   3    2    1    2    0.000000000000000000e+00
   3    2    1    3    0.000000000000000000e+00
   3    2    1    4    0.000000000000000000e+00
   3    2    1    5    0.000000000000000000e+00
   3    2    2    0    0.000000000000000000e+00
   3    2    2    1    0.000000000000000000e+00
   3    2    2    2    0.000000000000000000e+00
   3    2    2    3    5.377037009823801977e-02
   3    2    2    4    0.000000000000000000e+00
   3    2    2    5    0.000000000000000000e+00
   3    2    3    0    0.000000000000000000e+00
   3    2    3    1    0.000000000000000000e+00
   3    2    3    2    5.377037009823801977e-02
   3    2    3    3    0.000000000000000000e+00
   3    2    3    4    0.000000000000000000e+00
   3    2    3    5    0.000000000000000000e+00
   3    2    4    0    0.000000000000000000e+00
   3    2    4    1    0.000000000000000000e+00
   3    2    4    2    0.000000000000000000e+00
   3    2    4    3    0.000000000000000000e+00
   3    2    4    4    0.000000000000000000e+00
   3    2    4    5    0.000000000000000000e+00
   3    2    5    0    0.000000000000000000e+00
   3    2    5    1    0.000000000000000000e+00
   3    2    5    2    0.000000000000000000e+00
   3    2    5    3    0.000000000000000000e+00
   3    2    5    4    0.000000000000000000e+00
   3    2    5    5    0.000000000000000000e+00
   3    3    0    0    1.264502477744242182e+00
   3    3    0    1    2.924031393458948469e-01
   3    3    0    2    0.000000000000000000e+00
   3    3    0    3    0.000000000000000000e+00
   3    3    0    4    0.000000000000000000e+00
   3    3    0    5    9.388078756285183138e-03
   3    3    1    0    2.924031393458949024e-01
   3    3    1    1    9.259589345574371633e-01
   3    3    1    2    0.000000000000000000e+00
   3    3    1    3    0.000000000000000000e+00
   3    3    1    4    0.000000000000000000e+00
   3    3    1    5    6.944614362767007054e-02
   3    3    2    0    0.000000000000000000e+00
   3    3    2    1    0.000000000000000000e+00
   3    3    2    2    8.899728857331786758e-01
   3    3    2    3    0.000000000000000000e+00
   3    3    2    4    0.000000000000000000e+00
   3    3    2    5    0.000000000000000000e+00
   3    3    3    0    0.000000000000000000e+00
   3    3    3    1    0.000000000000000000e+00
   3    3    3    2    0.000000000000000000e+00
   3    3    3    3    9.975136259296557562e-01
   3    3    3    4    0.000000000000000000e+00
   3    3    3    5    0.000000000000000000e+00
   3    3    4    0    0.000000000000000000e+00
   3    3    4    1    0.000000000000000000e+00
   3    3    4    2    0.000000000000000000e+00
   3    3    4    3    0.000000000000000000e+00
   3    3    4    4    8.899728857331786758e-01
   3    3    4    5    5.654761044052340063e-02
   3    3    5    0    9.388078756285181403e-03
   3    3    5    1    6.944614362767008442e-02
   3    3    5    2    0.000000000000000000e+00
   3    3    5    3    0.000000000000000000e+00
   3    3    5    4    5.654761044052340757e-02
   3    3    5    5    2.981173529302288960e-01
   3    4    0    0    0.000000000000000000e+00
   3    4    0    1    0.000000000000000000e+00
   3    4    0    2    0.000000000000000000e+00
   3    4    0    3    0.000000000000000000e+00
   3    4    0    4    0.000000000000000000e+00
   3    4    0    5    0.000000000000000000e+00
   3    4    1    0    0.000000000000000000e+00
   3    4    1    1    0.000000000000000000e+00
   3    4    1    2    0.000000000000000000e+00
   3    4    1    3    0.000000000000000000e+00
   3    4    1    4    0.000000000000000000e+00
   3    4    1    5    0.000000000000000000e+00
   3    4    2    0    0.000000000000000000e+00
   3    4    2    1    0.000000000000000000e+00
   3    4    2    2    0.000000000000000000e+00
   3    4    2    3    0.000000000000000000e+00
   3    4    2    4    0.000000000000000000e+00
   3    4    2    5    0.000000000000000000e+00
   3    4    3    0    0.000000000000000000e+00
   3    4    3    1    0.000000000000000000e+00
   3    4    3    2    0.000000000000000000e+00
   3    4    3    3    0.000000000000000000e+00
   3    4    3    4    5.377037009823801977e-02
   3    4    3    5    2.228812332376408668e-03
   3    4    4    0    0.000000000000000000e+00
   3    4    4    1    0.000000000000000000e+00
   3    4    4    2    0.000000000000000000e+00
   3    4    4    3    5.377037009823801977e-02
   3    4    4    4    0.000000000000000000e+00
   3    4    4    5    0.000000000000000000e+00
   3    4    5    0    0.000000000000000000e+00
   3    4    5    1    0.000000000000000000e+00
   3    4    5    2    0.000000000000000000e+00
   3    4    5    3    2.228812332376409102e-03
   3    4    5    4    0.000000000000000000e+00
   3    4    5    5    0.000000000000000000e+00
   3    5    0    0    0.000000000000000000e+00
   3    5    0    1    0.000000000000000000e+00
   3    5    0    2    0.000000000000000000e+00
   3    5    0    3    1.867162423874340477e-03
   3    5    0    4    0.000000000000000000e+00
   3    5    0    5    0.000000000000000000e+00
   3    5    1    0    0.000000000000000000e+00
   3    5    1    1    0.000000000000000000e+00
   3    5    1    2    0.000000000000000000e+00
   3    5    1    3    1.175430604847600008e-02
   3    5    1    4    0.000000000000000000e+00
   3    5    1    5    0.000000000000000000e+00
   3    5    2    0    0.000000000000000000e+00
   3    5    2    1    0.000000000000000000e+00
   3    5    2    2    0.000000000000000000e+00
   3    5    2    3    0.000000000000000000e+00
   3    5    2    4    0.000000000000000000e+00
   3    5    2    5    0.000000000000000000e+00
   3    5    3    0    1.867162423874340910e-03
   3    5    3    1    1.175430604847600528e-02
   3    5    3    2    0.000000000000000000e+00
   3    5    3    3    0.000000000000000000e+00
   3    5    3    4    2.228812332376408235e-03
   3    5    3    5    1.008683688793554330e-03
   3    5    4    0    0.000000000000000000e+00
   3    5    4    1    0.000000000000000000e+00
   3    5    4    2    0.000000000000000000e+00
   3    5    4    3    2.228812332376408235e-03
   3    5    4    4    0.000000000000000000e+00
   3    5    4    5    0.000000000000000000e+00
   3    5    5    0    0.000000000000000000e+00
   3    5    5    1    0.000000000000000000e+00
   3    5    5    2    0.000000000000000000e+00
   3    5    5    3    1.008683688793554113e-03
   3    5    5    4    0.000000000000000000e+00
   3    5    5    5    0.000000000000000000e+00
   4    0    0    0    0.000000000000000000e+00
   4    0    0    1    0.000000000000000000e+00
   4    0    0    2    0.000000000000000000e+00
   4    0    0    3    0.000000000000000000e+00
   4    0    0    4    2.799752843443208475e-02
   4    0    0    5    1.904301645842632962e-04
   4    0    1    0    0.000000000000000000e+00
   4    0    1    1    0.000000000000000000e+00
   4    0    1    2    0.000000000000000000e+00
   4    0    1    3    0.000000000000000000e+00
   4    0    1    4    4.316873713962075115e-02
   4    0    1    5    1.280516496639255101e-03
   4    0    2    0    0.000000000000000000e+00
   4    0    2    1    0.000000000000000000e+00
   4    0    2    2    0.000000000000000000e+00
   4    0    2    3    0.000000000000000000e+00
   4    0    2    4    0.000000000000000000e+00
   4    0    2    5    0.000000000000000000e+00
   4    0    3    0    0.000000000000000000e+00
   4    0    3    1    0.000000000000000000e+00
   4    0    3    2    0.000000000000000000e+00
   4    0    3    3    0.000000000000000000e+00
   4    0    3    4    0.000000000000000000e+00
   4    0    3    5    0.000000000000000000e+00
   4    0    4    0    2.799752843443208822e-02
   4    0    4    1    4.316873713962076503e-02
   4    0    4    2    0.000000000000000000e+00
   4    0    4    3    0.000000000000000000e+00
   4    0    4    4    0.000000000000000000e+00
   4    0    4    5    2.632970844357232672e-03
   4    0    5    0    1.904301645842632962e-04
   4    0    5    1    1.280516496639255101e-03
   4    0    5    2    0.000000000000000000e+00
   4    0    5    3    0.000000000000000000e+00
   4    0    5    4    2.632970844357231804e-03
   4    0    5    5    4.155410541701117129e-03
   4    1    0    0    0.000000000000000000e+00
   4    1    0    1    0.000000000000000000e+00
   4    1    0    2    0.000000000000000000e+00
   4    1    0    3    0.000000000000000000e+00
   4    1    0    4    4.316873713962076503e-02
   4    1    0    5    3.604999718629721709e-04
   4    1    1    0    0.000000000000000000e+00
   4    1    1    1    0.000000000000000000e+00
   4    1    1    2    0.000000000000000000e+00
   4    1    1    3    0.000000000000000000e+00
   4    1    1    4    2.045875062723615245e-01
   4    1    1    5    1.090339969284791384e-02
   4    1    2    0    0.000000000000000000e+00
   4    1    2    1    0.000000000000000000e+00
   4    1    2    2    0.000000000000000000e+00
   4    1    2    3    0.000000000000000000e+00
   4    1    2    4    0.000000000000000000e+00
   4    1    2    5    0.000000000000000000e+00
   4    1    3    0    0.000000000000000000e+00
   4    1    3    1    0.000000000000000000e+00
   4    1    3    2    0.000000000000000000e+00
   4    1    3    3    0.000000000000000000e+00
   4    1    3    4    0.000000000000000000e+00
   4    1    3    5    0.000000000000000000e+00
   4    1    4    0    4.316873713962076503e-02
   4    1    4    1    2.045875062723616078e-01
   4    1    4    2    0.000000000000000000e+00
   4    1    4    3    0.000000000000000000e+00
   4    1    4    4    0.000000000000000000e+00
   4    1    4    5    1.946660770842980823e-02
   4    1    5    0    3.604999718629721167e-04
   4    1    5    1    1.090339969284791558e-02
   4    1    5    2    0.000000000000000000e+00
   4    1    5    3    0.000000000000000000e+00
   4    1    5    4    1.946660770842980823e-02
   4    1    5    5    5.127598021351263691e-02
   4    2    0    0    0.000000000000000000e+00
   4    2    0    1    0.000000000000000000e+00
   4    2    0    2    0.000000000000000000e+00
   4    2    0    3    0.000000000000000000e+00
   4    2    0    4    0.000000000000000000e+00
   4    2    0    5    0.000000000000000000e+00
   4    2    1    0    0.000000000000000000e+00
   4    2    1    1    0.000000000000000000e+00
   4    2    1    2    0.000000000000000000e+00
   4    2    1    3    0.000000000000000000e+00
   4    2    1    4    0.000000000000000000e+00
   4    2    1    5    0.000000000000000000e+00
   4    2    2    0    0.000000000000000000e+00
   4    2    2    1    0.000000000000000000e+00
   4    2    2    2    0.000000000000000000e+00
   4    2    2    3    0.000000000000000000e+00
   4    2    2    4    5.377037009823801977e-02
   4    2    2    5    2.228812332376408668e-03
   4    2    3    0    0.000000000000000000e+00
   4    2    3    1    0.000000000000000000e+00
   4    2    3    2    0.000000000000000000e+00
   4    2    3    3    0.000000000000000000e+00
   4    2    3    4    0.000000000000000000e+00
   4    2    3    5    0.000000000000000000e+00
   4    2    4    0    0.000000000000000000e+00
   4    2    4    1    0.000000000000000000e+00
   4    2    4    2    5.377037009823801977e-02
   4    2    4    3    0.000000000000000000e+00
   4    2    4    4    0.000000000000000000e+00
   4    2    4    5    0.000000000000000000e+00
   4    2    5    0    0.000000000000000000e+00
   4    2    5    1    0.000000000000000000e+00
   4    2    5    2    2.228812332376409102e-03
   4    2    5    3    0.000000000000000000e+00
   4    2    5    4    0.000000000000000000e+00
   4    2    5    5    0.000000000000000000e+00
   4    3    0    0    0.000000000000000000e+00
   4    3    0    1    0.000000000000000000e+00
   4    3    0    2    0.000000000000000000e+00
   4    3    0    3    0.000000000000000000e+00
   4    3    0    4    0.000000000000000000e+00
   4    3    0    5    0.000000000000000000e+00
   4    3    1    0    0.000000000000000000e+00
   4    3    1    1    0.000000000000000000e+00
   4    3    1    2    0.000000000000000000e+00
   4    3    1    3    0.000000000000000000e+00
   4    3    1    4    0.000000000000000000e+00
   4    3    1    5    0.000000000000000000e+00
   4    3    2    0    0.000000000000000000e+00
   4    3    2    1    0.000000000000000000e+00
   4    3    2    2    0.000000000000000000e+00
   4    3    2    3    0.000000000000000000e+00
   4    3    2    4    0.000000000000000000e+00
   4    3    2    5    0.000000000000000000e+00
   4    3    3    0    0.000000000000000000e+00
   4    3    3    1    0.000000000000000000e+00
   4    3    3    2    0.000000000000000000e+00
   4    3    3    3    0.000000000000000000e+00
   4    3    3    4    5.377037009823801977e-02
   4    3    3    5    2.228812332376408668e-03
   4    3    4    0    0.000000000000000000e+00
   4    3    4    1    0.000000000000000000e+00
   4    3    4    2    0.000000000000000000e+00
   4    3    4    3    5.377037009823801977e-02
   4    3    4    4    0.000000000000000000e+00
   4    3    4    5    0.000000000000000000e+00
   4    3    5    0    0.000000000000000000e+00
   4    3    5    1    0.000000000000000000e+00
   4    3    5    2    0.000000000000000000e+00
   4    3    5    3    2.228812332376409102e-03
   4    3    5    4    0.000000000000000000e+00
   4    3    5    5    0.000000000000000000e+00
   4    4    0    0    1.264502477744242182e+00
   4    4    0    1    2.924031393458948469e-01
   4    4    0    2    0.000000000000000000e+00
   4    4    0    3    0.000000000000000000e+00
   4    4    0    4    0.000000000000000000e+00
   4    4    0    5    9.419931986515949970e-03
   4    4    1    0    2.924031393458949024e-01
   4    4    1    1    9.259589345574371633e-01
   4    4    1    2    0.000000000000000000e+00
   4    4    1    3    0.000000000000000000e+00
   4    4    1    4    0.000000000000000000e+00
   4    4    1    5    7.228865049477285754e-02
   4    4    2    0    0.000000000000000000e+00
   4    4    2    1    0.000000000000000000e+00
   4    4    2    2    8.899728857331786758e-01
   4    4    2    3    0.000000000000000000e+00
   4    4    2    4    0.000000000000000000e+00
   4    4    2    5    0.000000000000000000e+00
   4    4    3    0    0.000000000000000000e+00
   4    4    3    1    0.000000000000000000e+00
   4    4    3    2    0.000000000000000000e+00
   4    4    3    3    8.899728857331786758e-01
   4    4    3    4    0.000000000000000000e+00
   4    4    3    5    0.000000000000000000e+00
   4    4    4    0    0.000000000000000000e+00
   4    4    4    1    0.000000000000000000e+00
   4    4    4    2    0.000000000000000000e+00
   4    4    4    3    0.000000000000000000e+00
   4    4    4    4    9.975136259296557562e-01
   4    4    4    5    6.307179298352713626e-02
   4    4    5    0    9.419931986515948236e-03
   4    4    5    1    7.228865049477287141e-02
   4    4    5    2    0.000000000000000000e+00
   4    4    5    3    0.000000000000000000e+00
   4    4    5    4    6.307179298352713626e-02
   4    4    5    5    3.162416784221807053e-01
   4    5    0    0    6.358896277085984705e-02
   4    5    0    1    1.507520850759270364e-02
   4    5    0    2    0.000000000000000000e+00
   4    5    0    3    0.000000000000000000e+00
   4    5    0    4    2.632970844357232238e-03
   4    5    0    5    5.084984504131285837e-04
   4    5    1    0    1.507520850759270538e-02
   4    5    1    1    5.874391980798192303e-02
   4    5    1    2    0.000000000000000000e+00
   4    5    1    3    0.000000000000000000e+00
   4    5    1    4    1.946660770842980476e-02
   4    5    1    5    7.396997799500806478e-03
   4    5    2    0    0.000000000000000000e+00
   4    5    2    1    0.000000000000000000e+00
   4    5    2    2    5.654761044052340063e-02
   4    5    2    3    0.000000000000000000e+00
   4    5    2    4    0.000000000000000000e+00
   4    5    2    5    0.000000000000000000e+00
   4    5    3    0    0.000000000000000000e+00
   4    5    3    1    0.000000000000000000e+00
   4    5    3    2    0.000000000000000000e+00
   4    5    3    3    5.654761044052340063e-02
   4    5    3    4    0.000000000000000000e+00
   4    5    3    5    0.000000000000000000e+00
   4    5    4    0    2.632970844357232672e-03
   4    5    4    1    1.946660770842981170e-02
   4    5    4    2    0.000000000000000000e+00
   4    5    4    3    0.000000000000000000e+00
   4    5    4    4    6.307179298352710850e-02
   4    5    4    5    8.532741306293873881e-03
   4    5    5    0    5.084984504131284753e-04
   4    5    5    1    7.396997799500806478e-03
   4    5    5    2    0.000000000000000000e+00
   4    5    5    3    0.000000000000000000e+00
   4    5    5    4    8.532741306293872147e-03
   4    5    5    5    5.341220981788744743e-02
   5    0    0    0    2.742627727282490047e-02
   5    0    0    1    5.051222755347552912e-03
   5    0    0    2    0.000000000000000000e+00
   5    0    0    3    0.000000000000000000e+00
   5    0    0    4    1.904301645842632149e-04
   5    0    0    5    1.646703239604694604e-04
   5    0    1    0    5.051222755347552044e-03
   5    0    1    1    9.398196528295262725e-03
   5    0    1    2    0.000000000000000000e+00
   5    0    1    3    0.000000000000000000e+00
   5    0    1    4    3.604999718629721709e-04
   5    0    1    5    6.354289378880438686e-04
   5    0    2    0    0.000000000000000000e+00
   5    0    2    1    0.000000000000000000e+00
   5    0    2    2    9.388078756285181403e-03
   5    0    2    3    0.000000000000000000e+00
   5    0    2    4    0.000000000000000000e+00
   5    0    2    5    0.000000000000000000e+00
   5    0    3    0    0.000000000000000000e+00
   5    0    3    1    0.000000000000000000e+00
   5    0    3    2    0.000000000000000000e+00
   5    0    3    3    9.388078756285181403e-03
   5    0    3    4    0.000000000000000000e+00
   5    0    3    5    0.000000000000000000e+00
   5    0    4    0    1.904301645842632962e-04
   5    0    4    1    3.604999718629721167e-04
   5    0    4    2    0.000000000000000000e+00
   5    0    4    3    0.000000000000000000e+00
   5    0    4    4    9.419931986515946501e-03
   5    0    4    5    5.084984504131284753e-04
   5    0    5    0    1.646703239604694062e-04
   5    0    5    1    6.354289378880438686e-04
   5    0    5    2    0.000000000000000000e+00
   5    0    5    3    0.000000000000000000e+00
   5    0    5    4    5.084984504131285837e-04
   5    0    5    5    2.373087668088609895e-03
   5    1    0    0    8.276463885693077782e-02
   5    1    0    1    1.939538623470208473e-02
   5    1    0    2    0.000000000000000000e+00
   5    1    0    3    0.000000000000000000e+00
   5    1    0    4    1.280516496639255751e-03
   5    1    0    5    6.354289378880440854e-04
   5    1    1    0    1.939538623470208473e-02
   5    1    1    1    7.041718713686756503e-02
   5    1    1    2    0.000000000000000000e+00
   5    1    1    3    0.000000000000000000e+00
   5    1    1    4    1.090339969284791904e-02
   5    1    1    5    7.198617870603257057e-03
   5    1    2    0    0.000000000000000000e+00
   5    1    2    1    0.000000000000000000e+00
   5    1    2    2    6.944614362767009830e-02
   5    1    2    3    0.000000000000000000e+00
   5    1    2    4    0.000000000000000000e+00
   5    1    2    5    0.000000000000000000e+00
   5    1    3    0    0.000000000000000000e+00
   5    1    3    1    0.000000000000000000e+00
   5    1    3    2    0.000000000000000000e+00
   5    1    3    3    6.944614362767009830e-02
   5    1    3    4    0.000000000000000000e+00
   5    1    3    5    0.000000000000000000e+00
   5    1    4    0    1.280516496639255751e-03
   5    1    4    1    1.090339969284791558e-02
   5    1    4    2    0.000000000000000000e+00
   5    1    4    3    0.000000000000000000e+00
   5    1    4    4    7.228865049477285754e-02
   5    1    4    5    7.396997799500808213e-03
   5    1    5    0    6.354289378880438686e-04
   5    1    5    1    7.198617870603257057e-03
   5    1    5    2    0.000000000000000000e+00
   5    1    5    3    0.000000000000000000e+00
   5    1    5    4    7.396997799500808213e-03
   5    1    5    5    4.381202973898330744e-02
   5    2    0    0    0.000000000000000000e+00
   5    2    0    1    0.000000000000000000e+00
   5    2    0    2    1.867162423874340260e-03
   5    2    0    3    0.000000000000000000e+00
   5    2    0    4    0.000000000000000000e+00
   5    2    0    5    0.000000000000000000e+00
   5    2    1    0    0.000000000000000000e+00
   5    2    1    1    0.000000000000000000e+00
   5    2    1    2    1.175430604847600008e-02
   5    2    1    3    0.000000000000000000e+00
   5    2    1    4    0.000000000000000000e+00
   5    2    1    5    0.000000000000000000e+00
   5    2    2    0    1.867162423874340910e-03
   5    2    2    1    1.175430604847600355e-02
   5    2    2    2    0.000000000000000000e+00
   5    2    2    3    0.000000000000000000e+00
   5    2    2    4    2.228812332376408668e-03
   5    2    2    5    1.008683688793554330e-03
   5    2    3    0    0.000000000000000000e+00
   5    2    3    1    0.000000000000000000e+00
   5    2    3    2    0.000000000000000000e+00
   5    2    3    3    0.000000000000000000e+00
   5    2    3    4    0.000000000000000000e+00
   5    2    3    5    0.000000000000000000e+00
   5    2    4    0    0.000000000000000000e+00
   5    2    4    1    0.000000000000000000e+00
   5    2    4    2    2.228812332376408668e-03
   5    2    4    3    0.000000000000000000e+00
   5    2    4    4    0.000000000000000000e+00
   5    2    4    5    0.000000000000000000e+00
   5    2    5    0    0.000000000000000000e+00
   5    2    5    1    0.000000000000000000e+00
   5    2    5    2    1.008683688793554113e-03
   5    2    5    3    0.000000000000000000e+00
   5    2    5    4    0.000000000000000000e+00
   5    2    5    5    0.000000000000000000e+00
   5    3    0    0    0.000000000000000000e+00
   5    3    0    1    0.000000000000000000e+00
   5    3    0    2    0.000000000000000000e+00
   5    3    0    3    1.867162423874340260e-03
   5    3    0    4    0.000000000000000000e+00
   5    3    0    5    0.000000000000000000e+00
   5    3    1    0    0.000000000000000000e+00
   5    3    1    1    0.000000000000000000e+00
   5    3    1    2    0.000000000000000000e+00
   5    3    1    3    1.175430604847600008e-02
   5    3    1    4    0.000000000000000000e+00
   5    3    1    5    0.000000000000000000e+00
   5    3    2    0    0.000000000000000000e+00
   5    3    2    1    0.000000000000000000e+00
   5    3    2    2    0.000000000000000000e+00
   5    3    2    3    0.000000000000000000e+00
   5    3    2    4    0.000000000000000000e+00
   5    3    2    5    0.000000000000000000e+00
   5    3    3    0    1.867162423874340910e-03
   5    3    3    1    1.175430604847600355e-02
   5    3    3    2    0.000000000000000000e+00
   5    3    3    3    0.000000000000000000e+00
   5    3    3    4    2.228812332376408668e-03
   5    3    3    5    1.008683688793554330e-03
   5    3    4    0    0.000000000000000000e+00
   5    3    4    1    0.000000000000000000e+00
   5    3    4    2    0.000000000000000000e+00
   5    3    4    3    2.228812332376408668e-03
   5    3    4    4    0.000000000000000000e+00
   5    3    4    5    0.000000000000000000e+00
   5    3    5    0    0.000000000000000000e+00
   5    3    5    1    0.000000000000000000e+00
   5    3    5    2    0.000000000000000000e+00
   5    3    5    3    1.008683688793554113e-03
   5    3    5    4    0.000000000000000000e+00
   5    3    5    5    0.000000000000000000e+00
   5    4    0    0    6.358896277085984705e-02
   5    4    0    1    1.507520850759270711e-02
   5    4    0    2    0.000000000000000000e+00
   5    4    0    3    0.000000000000000000e+00
   5    4    0    4    2.632970844357232238e-03
   5    4    0    5    5.084984504131286921e-04
   5    4    1    0    1.507520850759271058e-02
   5    4    1    1    5.874391980798195079e-02
   5    4    1    2    0.000000000000000000e+00
   5    4    1    3    0.000000000000000000e+00
   5    4    1    4    1.946660770842980823e-02
   5    4    1    5    7.396997799500808213e-03
   5    4    2    0    0.000000000000000000e+00
   5    4    2    1    0.000000000000000000e+00
   5    4    2    2    5.654761044052340063e-02
   5    4    2    3    0.000000000000000000e+00
   5    4    2    4    0.000000000000000000e+00
   5    4    2    5    0.000000000000000000e+00
   5    4    3    0    0.000000000000000000e+00
   5    4    3    1    0.000000000000000000e+00
   5    4    3    2    0.000000000000000000e+00
   5    4    3    3    5.654761044052340063e-02
   5    4    3    4    0.000000000000000000e+00
   5    4    3    5    0.000000000000000000e+00
   5    4    4    0    2.632970844357232672e-03
   5    4    4    1    1.946660770842981170e-02
   5    4    4    2    0.000000000000000000e+00
   5    4    4    3    0.000000000000000000e+00
   5    4    4    4    6.307179298352709462e-02
   5    4    4    5    8.532741306293873881e-03
   5    4    5    0    5.084984504131286921e-04
   5    4    5    1    7.396997799500808213e-03
   5    4    5    2    0.000000000000000000e+00
   5    4    5    3    0.000000000000000000e+00
   5    4    5    4    8.532741306293872147e-03
   5    4    5    5    5.341220981788745437e-02
   5    5    0    0    3.049030433517012084e-01
   5    5    0    1    7.255370034303557092e-02
   5    5    0    2    0.000000000000000000e+00
   5    5    0    3    0.000000000000000000e+00
   5    5    0    4    4.155410541701117996e-03
   5    5    0    5    2.373087668088610762e-03
   5    5    1    0    7.255370034303555704e-02
   5    5    1    1    3.041812854406202860e-01
   5    5    1    2    0.000000000000000000e+00
   5    5    1    3    0.000000000000000000e+00
   5    5    1    4    5.127598021351265078e-02
   5    5    1    5    4.381202973898330744e-02
   5    5    2    0    0.000000000000000000e+00
   5    5    2    1    0.000000000000000000e+00
   5    5    2    2    2.981173529302286740e-01
   5    5    2    3    0.000000000000000000e+00
   5    5    2    4    0.000000000000000000e+00
   5    5    2    5    0.000000000000000000e+00
   5    5    3    0    0.000000000000000000e+00
   5    5    3    1    0.000000000000000000e+00
   5    5    3    2    0.000000000000000000e+00
   5    5    3    3    2.981173529302286740e-01
   5    5    3    4    0.000000000000000000e+00
   5    5    3    5    0.000000000000000000e+00
   5    5    4    0    4.155410541701117129e-03
   5    5    4    1    5.127598021351265078e-02
   5    5    4    2    0.000000000000000000e+00
   5    5    4    3    0.000000000000000000e+00
   5    5    4    4    3.162416784221805943e-01
   5    5    4    5    5.341220981788745437e-02
   5    5    5    0    2.373087668088609461e-03
   5    5    5    1    4.381202973898331438e-02
   5    5    5    2    0.000000000000000000e+00
   5    5    5    3    0.000000000000000000e+00
   5    5    5    4    5.341220981788745437e-02
   5    5    5    5    7.746059439198977881e-01
